2, 2
3, 1
5, 2
7, 2
11, 4
13, 2
17, 4
19, 2
23, 4
29, 6
31, 2
37, 6
41, 4
43, 2
47, 4
53, 6
59, 6
61, 2
67, 6
71, 4
73, 2
79, 6
83, 4
89, 6
97, 8
101, 4
103, 2
107, 4
109, 2
113, 4
127, 14
131, 4
137, 6
139, 2
149, 10
151, 2
157, 6
163, 6
167, 4
173, 6
179, 6
181, 2
191, 10
193, 2
197, 4
199, 2
211, 12
223, 12
227, 4
229, 2
233, 4
239, 6
241, 2
251, 10
257, 6
263, 6
269, 6
271, 2
277, 6
281, 4
283, 2
293, 10
307, 14
311, 4
313, 2
317, 4
331, 14
337, 6
347, 10
349, 2
353, 4
359, 6
367, 8
373, 6
379, 6
383, 4
389, 6
397, 8
401, 4
409, 8
419, 10
421, 2
431, 10
433, 2
439, 6
443, 4
449, 6
457, 8
461, 4
463, 2
467, 4
479, 12
487, 8
491, 4
499, 8
503, 4
509, 6
521, 12
523, 2
541, 18
547, 6
557, 10
563, 6
569, 6
571, 2
577, 6
587, 10
593, 6
599, 6
601, 2
607, 6
613, 6
617, 4
619, 2
631, 12
641, 10
643, 2
647, 4
653, 6
659, 6
661, 2
673, 12
677, 4
683, 6
691, 8
701, 10
709, 8
719, 10
727, 8
733, 6
739, 6
743, 4
751, 8
757, 6
761, 4
769, 8
773, 4
787, 14
797, 10
809, 12
811, 2
821, 10
823, 2
827, 4
829, 2
839, 10
853, 14
857, 4
859, 2
863, 4
877, 14
881, 4
883, 2
887, 4
907, 20
911, 4
919, 8
929, 10
937, 8
941, 4
947, 6
953, 6
967, 14
971, 4
977, 6
983, 6
991, 8
997, 6
1009, 12
1013, 4
1019, 6
1021, 2
1031, 10
1033, 2
1039, 6
1049, 10
1051, 2
1061, 10
1063, 2
1069, 6
1087, 18
1091, 4
1093, 2
1097, 4
1103, 6
1109, 6
1117, 8
1123, 6
1129, 6
1151, 22
1153, 2
1163, 10
1171, 8
1181, 10
1187, 6
1193, 6
1201, 8
1213, 12
1217, 4
1223, 6
1229, 6
1231, 2
1237, 6
1249, 12
1259, 10
1277, 18
1279, 2
1283, 4
1289, 6
1291, 2
1297, 6
1301, 4
1303, 2
1307, 4
1319, 12
1321, 2
1327, 6
1361, 34
1367, 6
1373, 6
1381, 8
1399, 18
1409, 10
1423, 14
1427, 4
1429, 2
1433, 4
1439, 6
1447, 8
1451, 4
1453, 2
1459, 6
1471, 12
1481, 10
1483, 2
1487, 4
1489, 2
1493, 4
1499, 6
1511, 12
1523, 12
1531, 8
1543, 12
1549, 6
1553, 4
1559, 6
1567, 8
1571, 4
1579, 8
1583, 4
1597, 14
1601, 4
1607, 6
1609, 2
1613, 4
1619, 6
1621, 2
1627, 6
1637, 10
1657, 20
1663, 6
1667, 4
1669, 2
1693, 24
1697, 4
1699, 2
1709, 10
1721, 12
1723, 2
1733, 10
1741, 8
1747, 6
1753, 6
1759, 6
1777, 18
1783, 6
1787, 4
1789, 2
1801, 12
1811, 10
1823, 12
1831, 8
1847, 16
1861, 14
1867, 6
1871, 4
1873, 2
1877, 4
1879, 2
1889, 10
1901, 12
1907, 6
1913, 6
1931, 18
1933, 2
1949, 16
1951, 2
1973, 22
1979, 6
1987, 8
1993, 6
1997, 4
1999, 2
2003, 4
2011, 8
2017, 6
2027, 10
2029, 2
2039, 10
2053, 14
2063, 10
2069, 6
2081, 12
2083, 2
2087, 4
2089, 2
2099, 10
2111, 12
2113, 2
2129, 16
2131, 2
2137, 6
2141, 4
2143, 2
2153, 10
2161, 8
2179, 18
2203, 24
2207, 4
2213, 6
2221, 8
2237, 16
2239, 2
2243, 4
2251, 8
2267, 16
2269, 2
2273, 4
2281, 8
2287, 6
2293, 6
2297, 4
2309, 12
2311, 2
2333, 22
2339, 6
2341, 2
2347, 6
2351, 4
2357, 6
2371, 14
2377, 6
2381, 4
2383, 2
2389, 6
2393, 4
2399, 6
2411, 12
2417, 6
2423, 6
2437, 14
2441, 4
2447, 6
2459, 12
2467, 8
2473, 6
2477, 4
2503, 26
2521, 18
2531, 10
2539, 8
2543, 4
2549, 6
2551, 2
2557, 6
2579, 22
2591, 12
2593, 2
2609, 16
2617, 8
2621, 4
2633, 12
2647, 14
2657, 10
2659, 2
2663, 4
2671, 8
2677, 6
2683, 6
2687, 4
2689, 2
2693, 4
2699, 6
2707, 8
2711, 4
2713, 2
2719, 6
2729, 10
2731, 2
2741, 10
2749, 8
2753, 4
2767, 14
2777, 10
2789, 12
2791, 2
2797, 6
2801, 4
2803, 2
2819, 16
2833, 14
2837, 4
2843, 6
2851, 8
2857, 6
2861, 4
2879, 18
2887, 8
2897, 10
2903, 6
2909, 6
2917, 8
2927, 10
2939, 12
2953, 14
2957, 4
2963, 6
2969, 6
2971, 2
2999, 28
3001, 2
3011, 10
3019, 8
3023, 4
3037, 14
3041, 4
3049, 8
3061, 12
3067, 6
3079, 12
3083, 4
3089, 6
3109, 20
3119, 10
3121, 2
3137, 16
3163, 26
3167, 4
3169, 2
3181, 12
3187, 6
3191, 4
3203, 12
3209, 6
3217, 8
3221, 4
3229, 8
3251, 22
3253, 2
3257, 4
3259, 2
3271, 12
3299, 28
3301, 2
3307, 6
3313, 6
3319, 6
3323, 4
3329, 6
3331, 2
3343, 12
3347, 4
3359, 12
3361, 2
3371, 10
3373, 2
3389, 16
3391, 2
3407, 16
3413, 6
3433, 20
3449, 16
3457, 8
3461, 4
3463, 2
3467, 4
3469, 2
3491, 22
3499, 8
3511, 12
3517, 6
3527, 10
3529, 2
3533, 4
3539, 6
3541, 2
3547, 6
3557, 10
3559, 2
3571, 12
3581, 10
3583, 2
3593, 10
3607, 14
3613, 6
3617, 4
3623, 6
3631, 8
3637, 6
3643, 6
3659, 16
3671, 12
3673, 2
3677, 4
3691, 14
3697, 6
3701, 4
3709, 8
3719, 10
3727, 8
3733, 6
3739, 6
3761, 22
3767, 6
3769, 2
3779, 10
3793, 14
3797, 4
3803, 6
3821, 18
3823, 2
3833, 10
3847, 14
3851, 4
3853, 2
3863, 10
3877, 14
3881, 4
3889, 8
3907, 18
3911, 4
3917, 6
3919, 2
3923, 4
3929, 6
3931, 2
3943, 12
3947, 4
3967, 20
3989, 22
4001, 12
4003, 2
4007, 4
4013, 6
4019, 6
4021, 2
4027, 6
4049, 22
4051, 2
4057, 6
4073, 16
4079, 6
4091, 12
4093, 2
4099, 6
4111, 12
4127, 16
4129, 2
4133, 4
4139, 6
4153, 14
4157, 4
4159, 2
4177, 18
4201, 24
4211, 10
4217, 6
4219, 2
4229, 10
4231, 2
4241, 10
4243, 2
4253, 10
4259, 6
4261, 2
4271, 10
4273, 2
4283, 10
4289, 6
4297, 8
4327, 30
4337, 10
4339, 2
4349, 10
4357, 8
4363, 6
4373, 10
4391, 18
4397, 6
4409, 12
4421, 12
4423, 2
4441, 18
4447, 6
4451, 4
4457, 6
4463, 6
4481, 18
4483, 2
4493, 10
4507, 14
4513, 6
4517, 4
4519, 2
4523, 4
4547, 24
4549, 2
4561, 12
4567, 6
4583, 16
4591, 8
4597, 6
4603, 6
4621, 18
4637, 16
4639, 2
4643, 4
4649, 6
4651, 2
4657, 6
4663, 6
4673, 10
4679, 6
4691, 12
4703, 12
4721, 18
4723, 2
4729, 6
4733, 4
4751, 18
4759, 8
4783, 24
4787, 4
4789, 2
4793, 4
4799, 6
4801, 2
4813, 12
4817, 4
4831, 14
4861, 30
4871, 10
4877, 6
4889, 12
4903, 14
4909, 6
4919, 10
4931, 12
4933, 2
4937, 4
4943, 6
4951, 8
4957, 6
4967, 10
4969, 2
4973, 4
4987, 14
4993, 6
4999, 6
5003, 4
5009, 6
5011, 2
5021, 10
5023, 2
5039, 16
5051, 12
5059, 8
5077, 18
5081, 4
5087, 6
5099, 12
5101, 2
5107, 6
5113, 6
5119, 6
5147, 28
5153, 6
5167, 14
5171, 4
5179, 8
5189, 10
5197, 8
5209, 12
5227, 18
5231, 4
5233, 2
5237, 4
5261, 24
5273, 12
5279, 6
5281, 2
5297, 16
5303, 6
5309, 6
5323, 14
5333, 10
5347, 14
5351, 4
5381, 30
5387, 6
5393, 6
5399, 6
5407, 8
5413, 6
5417, 4
5419, 2
5431, 12
5437, 6
5441, 4
5443, 2
5449, 6
5471, 22
5477, 6
5479, 2
5483, 4
5501, 18
5503, 2
5507, 4
5519, 12
5521, 2
5527, 6
5531, 4
5557, 26
5563, 6
5569, 6
5573, 4
5581, 8
5591, 10
5623, 32
5639, 16
5641, 2
5647, 6
5651, 4
5653, 2
5657, 4
5659, 2
5669, 10
5683, 14
5689, 6
5693, 4
5701, 8
5711, 10
5717, 6
5737, 20
5741, 4
5743, 2
5749, 6
5779, 30
5783, 4
5791, 8
5801, 10
5807, 6
5813, 6
5821, 8
5827, 6
5839, 12
5843, 4
5849, 6
5851, 2
5857, 6
5861, 4
5867, 6
5869, 2
5879, 10
5881, 2
5897, 16
5903, 6
5923, 20
5927, 4
5939, 12
5953, 14
5981, 28
5987, 6
6007, 20
6011, 4
6029, 18
6037, 8
6043, 6
6047, 4
6053, 6
6067, 14
6073, 6
6079, 6
6089, 10
6091, 2
6101, 10
6113, 12
6121, 8
6131, 10
6133, 2
6143, 10
6151, 8
6163, 12
6173, 10
6197, 24
6199, 2
6203, 4
6211, 8
6217, 6
6221, 4
6229, 8
6247, 18
6257, 10
6263, 6
6269, 6
6271, 2
6277, 6
6287, 10
6299, 12
6301, 2
6311, 10
6317, 6
6323, 6
6329, 6
6337, 8
6343, 6
6353, 10
6359, 6
6361, 2
6367, 6
6373, 6
6379, 6
6389, 10
6397, 8
6421, 24
6427, 6
6449, 22
6451, 2
6469, 18
6473, 4
6481, 8
6491, 10
6521, 30
6529, 8
6547, 18
6551, 4
6553, 2
6563, 10
6569, 6
6571, 2
6577, 6
6581, 4
6599, 18
6607, 8
6619, 12
6637, 18
6653, 16
6659, 6
6661, 2
6673, 12
6679, 6
6689, 10
6691, 2
6701, 10
6703, 2
6709, 6
6719, 10
6733, 14
6737, 4
6761, 24
6763, 2
6779, 16
6781, 2
6791, 10
6793, 2
6803, 10
6823, 20
6827, 4
6829, 2
6833, 4
6841, 8
6857, 16
6863, 6
6869, 6
6871, 2
6883, 12
6899, 16
6907, 8
6911, 4
6917, 6
6947, 30
6949, 2
6959, 10
6961, 2
6967, 6
6971, 4
6977, 6
6983, 6
6991, 8
6997, 6
7001, 4
7013, 12
7019, 6
7027, 8
7039, 12
7043, 4
7057, 14
7069, 12
7079, 10
7103, 24
7109, 6
7121, 12
7127, 6
7129, 2
7151, 22
7159, 8
7177, 18
7187, 10
7193, 6
7207, 14
7211, 4
7213, 2
7219, 6
7229, 10
7237, 8
7243, 6
7247, 4
7253, 6
7283, 30
7297, 14
7307, 10
7309, 2
7321, 12
7331, 10
7333, 2
7349, 16
7351, 2
7369, 18
7393, 24
7411, 18
7417, 6
7433, 16
7451, 18
7457, 6
7459, 2
7477, 18
7481, 4
7487, 6
7489, 2
7499, 10
7507, 8
7517, 10
7523, 6
7529, 6
7537, 8
7541, 4
7547, 6
7549, 2
7559, 10
7561, 2
7573, 12
7577, 4
7583, 6
7589, 6
7591, 2
7603, 12
7607, 4
7621, 14
7639, 18
7643, 4
7649, 6
7669, 20
7673, 4
7681, 8
7687, 6
7691, 4
7699, 8
7703, 4
7717, 14
7723, 6
7727, 4
7741, 14
7753, 12
7757, 4
7759, 2
7789, 30
7793, 4
7817, 24
7823, 6
7829, 6
7841, 12
7853, 12
7867, 14
7873, 6
7877, 4
7879, 2
7883, 4
7901, 18
7907, 6
7919, 12
7927, 8
7933, 6
7937, 4
7949, 12
7951, 2
7963, 12
7993, 30
8009, 16
8011, 2
8017, 6
8039, 22
8053, 14
8059, 6
8069, 10
8081, 12
8087, 6
8089, 2
8093, 4
8101, 8
8111, 10
8117, 6
8123, 6
8147, 24
8161, 14
8167, 6
8171, 4
8179, 8
8191, 12
8209, 18
8219, 10
8221, 2
8231, 10
8233, 2
8237, 4
8243, 6
8263, 20
8269, 6
8273, 4
8287, 14
8291, 4
8293, 2
8297, 4
8311, 14
8317, 6
8329, 12
8353, 24
8363, 10
8369, 6
8377, 8
8387, 10
8389, 2
8419, 30
8423, 4
8429, 6
8431, 2
8443, 12
8447, 4
8461, 14
8467, 6
8501, 34
8513, 12
8521, 8
8527, 6
8537, 10
8539, 2
8543, 4
8563, 20
8573, 10
8581, 8
8597, 16
8599, 2
8609, 10
8623, 14
8627, 4
8629, 2
8641, 12
8647, 6
8663, 16
8669, 6
8677, 8
8681, 4
8689, 8
8693, 4
8699, 6
8707, 8
8713, 6
8719, 6
8731, 12
8737, 6
8741, 4
8747, 6
8753, 6
8761, 8
8779, 18
8783, 4
8803, 20
8807, 4
8819, 12
8821, 2
8831, 10
8837, 6
8839, 2
8849, 10
8861, 12
8863, 2
8867, 4
8887, 20
8893, 6
8923, 30
8929, 6
8933, 4
8941, 8
8951, 10
8963, 12
8969, 6
8971, 2
8999, 28
9001, 2
9007, 6
9011, 4
9013, 2
9029, 16
9041, 12
9043, 2
9049, 6
9059, 10
9067, 8
9091, 24
9103, 12
9109, 6
9127, 18
9133, 6
9137, 4
9151, 14
9157, 6
9161, 4
9173, 12
9181, 8
9187, 6
9199, 12
9203, 4
9209, 6
9221, 12
9227, 6
9239, 12
9241, 2
9257, 16
9277, 20
9281, 4
9283, 2
9293, 10
9311, 18
9319, 8
9323, 4
9337, 14
9341, 4
9343, 2
9349, 6
9371, 22
9377, 6
9391, 14
9397, 6
9403, 6
9413, 10
9419, 6
9421, 2
9431, 10
9433, 2
9437, 4
9439, 2
9461, 22
9463, 2
9467, 4
9473, 6
9479, 6
9491, 12
9497, 6
9511, 14
9521, 10
9533, 12
9539, 6
9547, 8
9551, 4
9587, 36
9601, 14
9613, 12
9619, 6
9623, 4
9629, 6
9631, 2
9643, 12
9649, 6
9661, 12
9677, 16
9679, 2
9689, 10
9697, 8
9719, 22
9721, 2
9733, 12
9739, 6
9743, 4
9749, 6
9767, 18
9769, 2
9781, 12
9787, 6
9791, 4
9803, 12
9811, 8
9817, 6
9829, 12
9833, 4
9839, 6
9851, 12
9857, 6
9859, 2
9871, 12
9883, 12
9887, 4
9901, 14
9907, 6
9923, 16
9929, 6
9931, 2
9941, 10
9949, 8
9967, 18
9973, 6
10007, 34
10009, 2
10037, 28
10039, 2
10061, 22
10067, 6
10069, 2
10079, 10
10091, 12
10093, 2
10099, 6
10103, 4
10111, 8
10133, 22
10139, 6
10141, 2
10151, 10
10159, 8
10163, 4
10169, 6
10177, 8
10181, 4
10193, 12
10211, 18
10223, 12
10243, 20
10247, 4
10253, 6
10259, 6
10267, 8
10271, 4
10273, 2
10289, 16
10301, 12
10303, 2
10313, 10
10321, 8
10331, 10
10333, 2
10337, 4
10343, 6
10357, 14
10369, 12
10391, 22
10399, 8
10427, 28
10429, 2
10433, 4
10453, 20
10457, 4
10459, 2
10463, 4
10477, 14
10487, 10
10499, 12
10501, 2
10513, 12
10529, 16
10531, 2
10559, 28
10567, 8
10589, 22
10597, 8
10601, 4
10607, 6
10613, 6
10627, 14
10631, 4
10639, 8
10651, 12
10657, 6
10663, 6
10667, 4
10687, 20
10691, 4
10709, 18
10711, 2
10723, 12
10729, 6
10733, 4
10739, 6
10753, 14
10771, 18
10781, 10
10789, 8
10799, 10
10831, 32
10837, 6
10847, 10
10853, 6
10859, 6
10861, 2
10867, 6
10883, 16
10889, 6
10891, 2
10903, 12
10909, 6
10937, 28
10939, 2
10949, 10
10957, 8
10973, 16
10979, 6
10987, 8
10993, 6
11003, 10
11027, 24
11047, 20
11057, 10
11059, 2
11069, 10
11071, 2
11083, 12
11087, 4
11093, 6
11113, 20
11117, 4
11119, 2
11131, 12
11149, 18
11159, 10
11161, 2
11171, 10
11173, 2
11177, 4
11197, 20
11213, 16
11239, 26
11243, 4
11251, 8
11257, 6
11261, 4
11273, 12
11279, 6
11287, 8
11299, 12
11311, 12
11317, 6
11321, 4
11329, 8
11351, 22
11353, 2
11369, 16
11383, 14
11393, 10
11399, 6
11411, 12
11423, 12
11437, 14
11443, 6
11447, 4
11467, 20
11471, 4
11483, 12
11489, 6
11491, 2
11497, 6
11503, 6
11519, 16
11527, 8
11549, 22
11551, 2
11579, 28
11587, 8
11593, 6
11597, 4
11617, 20
11621, 4
11633, 12
11657, 24
11677, 20
11681, 4
11689, 8
11699, 10
11701, 2
11717, 16
11719, 2
11731, 12
11743, 12
11777, 34
11779, 2
11783, 4
11789, 6
11801, 12
11807, 6
11813, 6
11821, 8
11827, 6
11831, 4
11833, 2
11839, 6
11863, 24
11867, 4
11887, 20
11897, 10
11903, 6
11909, 6
11923, 14
11927, 4
11933, 6
11939, 6
11941, 2
11953, 12
11959, 6
11969, 10
11971, 2
11981, 10
11987, 6
12007, 20
12011, 4
12037, 26
12041, 4
12043, 2
12049, 6
12071, 22
12073, 2
12097, 24
12101, 4
12107, 6
12109, 2
12113, 4
12119, 6
12143, 24
12149, 6
12157, 8
12161, 4
12163, 2
12197, 34
12203, 6
12211, 8
12227, 16
12239, 12
12241, 2
12251, 10
12253, 2
12263, 10
12269, 6
12277, 8
12281, 4
12289, 8
12301, 12
12323, 22
12329, 6
12343, 14
12347, 4
12373, 26
12377, 4
12379, 2
12391, 12
12401, 10
12409, 8
12413, 4
12421, 8
12433, 12
12437, 4
12451, 14
12457, 6
12473, 16
12479, 6
12487, 8
12491, 4
12497, 6
12503, 6
12511, 8
12517, 6
12527, 10
12539, 12
12541, 2
12547, 6
12553, 6
12569, 16
12577, 8
12583, 6
12589, 6
12601, 12
12611, 10
12613, 2
12619, 6
12637, 18
12641, 4
12647, 6
12653, 6
12659, 6
12671, 12
12689, 18
12697, 8
12703, 6
12713, 10
12721, 8
12739, 18
12743, 4
12757, 14
12763, 6
12781, 18
12791, 10
12799, 8
12809, 10
12821, 12
12823, 2
12829, 6
12841, 12
12853, 12
12889, 36
12893, 4
12899, 6
12907, 8
12911, 4
12917, 6
12919, 2
12923, 4
12941, 18
12953, 12
12959, 6
12967, 8
12973, 6
12979, 6
12983, 4
13001, 18
13003, 2
13007, 4
13009, 2
13033, 24
13037, 4
13043, 6
13049, 6
13063, 14
13093, 30
13099, 6
13103, 4
13109, 6
13121, 12
13127, 6
13147, 20
13151, 4
13159, 8
13163, 4
13171, 8
13177, 6
13183, 6
13187, 4
13217, 30
13219, 2
13229, 10
13241, 12
13249, 8
13259, 10
13267, 8
13291, 24
13297, 6
13309, 12
13313, 4
13327, 14
13331, 4
13337, 6
13339, 2
13367, 28
13381, 14
13397, 16
13399, 2
13411, 12
13417, 6
13421, 4
13441, 20
13451, 10
13457, 6
13463, 6
13469, 6
13477, 8
13487, 10
13499, 12
13513, 14
13523, 10
13537, 14
13553, 16
13567, 14
13577, 10
13591, 14
13597, 6
13613, 16
13619, 6
13627, 8
13633, 6
13649, 16
13669, 20
13679, 10
13681, 2
13687, 6
13691, 4
13693, 2
13697, 4
13709, 12
13711, 2
13721, 10
13723, 2
13729, 6
13751, 22
13757, 6
13759, 2
13763, 4
13781, 18
13789, 8
13799, 10
13807, 8
13829, 22
13831, 2
13841, 10
13859, 18
13873, 14
13877, 4
13879, 2
13883, 4
13901, 18
13903, 2
13907, 4
13913, 6
13921, 8
13931, 10
13933, 2
13963, 30
13967, 4
13997, 30
13999, 2
14009, 10
14011, 2
14029, 18
14033, 4
14051, 18
14057, 6
14071, 14
14081, 10
14083, 2
14087, 4
14107, 20
14143, 36
14149, 6
14153, 4
14159, 6
14173, 14
14177, 4
14197, 20
14207, 10
14221, 14
14243, 22
14249, 6
14251, 2
14281, 30
14293, 12
14303, 10
14321, 18
14323, 2
14327, 4
14341, 14
14347, 6
14369, 22
14387, 18
14389, 2
14401, 12
14407, 6
14411, 4
14419, 8
14423, 4
14431, 8
14437, 6
14447, 10
14449, 2
14461, 12
14479, 18
14489, 10
14503, 14
14519, 16
14533, 14
14537, 4
14543, 6
14549, 6
14551, 2
14557, 6
14561, 4
14563, 2
14591, 28
14593, 2
14621, 28
14627, 6
14629, 2
14633, 4
14639, 6
14653, 14
14657, 4
14669, 12
14683, 14
14699, 16
14713, 14
14717, 4
14723, 6
14731, 8
14737, 6
14741, 4
14747, 6
14753, 6
14759, 6
14767, 8
14771, 4
14779, 8
14783, 4
14797, 14
14813, 16
14821, 8
14827, 6
14831, 4
14843, 12
14851, 8
14867, 16
14869, 2
14879, 10
14887, 8
14891, 4
14897, 6
14923, 26
14929, 6
14939, 10
14947, 8
14951, 4
14957, 6
14969, 12
14983, 14
15013, 30
15017, 4
15031, 14
15053, 22
15061, 8
15073, 12
15077, 4
15083, 6
15091, 8
15101, 10
15107, 6
15121, 14
15131, 10
15137, 6
15139, 2
15149, 10
15161, 12
15173, 12
15187, 14
15193, 6
15199, 6
15217, 18
15227, 10
15233, 6
15241, 8
15259, 18
15263, 4
15269, 6
15271, 2
15277, 6
15287, 10
15289, 2
15299, 10
15307, 8
15313, 6
15319, 6
15329, 10
15331, 2
15349, 18
15359, 10
15361, 2
15373, 12
15377, 4
15383, 6
15391, 8
15401, 10
15413, 12
15427, 14
15439, 12
15443, 4
15451, 8
15461, 10
15467, 6
15473, 6
15493, 20
15497, 4
15511, 14
15527, 16
15541, 14
15551, 10
15559, 8
15569, 10
15581, 12
15583, 2
15601, 18
15607, 6
15619, 12
15629, 10
15641, 12
15643, 2
15647, 4
15649, 2
15661, 12
15667, 6
15671, 4
15679, 8
15683, 4
15727, 44
15731, 4
15733, 2
15737, 4
15739, 2
15749, 10
15761, 12
15767, 6
15773, 6
15787, 14
15791, 4
15797, 6
15803, 6
15809, 6
15817, 8
15823, 6
15859, 36
15877, 18
15881, 4
15887, 6
15889, 2
15901, 12
15907, 6
15913, 6
15919, 6
15923, 4
15937, 14
15959, 22
15971, 12
15973, 2
15991, 18
16001, 10
16007, 6
16033, 26
16057, 24
16061, 4
16063, 2
16067, 4
16069, 2
16073, 4
16087, 14
16091, 4
16097, 6
16103, 6
16111, 8
16127, 16
16139, 12
16141, 2
16183, 42
16187, 4
16189, 2
16193, 4
16217, 24
16223, 6
16229, 6
16231, 2
16249, 18
16253, 4
16267, 14
16273, 6
16301, 28
16319, 18
16333, 14
16339, 6
16349, 10
16361, 12
16363, 2
16369, 6
16381, 12
16411, 30
16417, 6
16421, 4
16427, 6
16433, 6
16447, 14
16451, 4
16453, 2
16477, 24
16481, 4
16487, 6
16493, 6
16519, 26
16529, 10
16547, 18
16553, 6
16561, 8
16567, 6
16573, 6
16603, 30
16607, 4
16619, 12
16631, 12
16633, 2
16649, 16
16651, 2
16657, 6
16661, 4
16673, 12
16691, 18
16693, 2
16699, 6
16703, 4
16729, 26
16741, 12
16747, 6
16759, 12
16763, 4
16787, 24
16811, 24
16823, 12
16829, 6
16831, 2
16843, 12
16871, 28
16879, 8
16883, 4
16889, 6
16901, 12
16903, 2
16921, 18
16927, 6
16931, 4
16937, 6
16943, 6
16963, 20
16979, 16
16981, 2
16987, 6
16993, 6
17011, 18
17021, 10
17027, 6
17029, 2
17033, 4
17041, 8
17047, 6
17053, 6
17077, 24
17093, 16
17099, 6
17107, 8
17117, 10
17123, 6
17137, 14
17159, 22
17167, 8
17183, 16
17189, 6
17191, 2
17203, 12
17207, 4
17209, 2
17231, 22
17239, 8
17257, 18
17291, 34
17293, 2
17299, 6
17317, 18
17321, 4
17327, 6
17333, 6
17341, 8
17351, 10
17359, 8
17377, 18
17383, 6
17387, 4
17389, 2
17393, 4
17401, 8
17417, 16
17419, 2
17431, 12
17443, 12
17449, 6
17467, 18
17471, 4
17477, 6
17483, 6
17489, 6
17491, 2
17497, 6
17509, 12
17519, 10
17539, 20
17551, 12
17569, 18
17573, 4
17579, 6
17581, 2
17597, 16
17599, 2
17609, 10
17623, 14
17627, 4
17657, 30
17659, 2
17669, 10
17681, 12
17683, 2
17707, 24
17713, 6
17729, 16
17737, 8
17747, 10
17749, 2
17761, 12
17783, 22
17789, 6
17791, 2
17807, 16
17827, 20
17837, 10
17839, 2
17851, 12
17863, 12
17881, 18
17891, 10
17903, 12
17909, 6
17911, 2
17921, 10
17923, 2
17929, 6
17939, 10
17957, 18
17959, 2
17971, 12
17977, 6
17981, 4
17987, 6
17989, 2
18013, 24
18041, 28
18043, 2
18047, 4
18049, 2
18059, 10
18061, 2
18077, 16
18089, 12
18097, 8
18119, 22
18121, 2
18127, 6
18131, 4
18133, 2
18143, 10
18149, 6
18169, 20
18181, 12
18191, 10
18199, 8
18211, 12
18217, 6
18223, 6
18229, 6
18233, 4
18251, 18
18253, 2
18257, 4
18269, 12
18287, 18
18289, 2
18301, 12
18307, 6
18311, 4
18313, 2
18329, 16
18341, 12
18353, 12
18367, 14
18371, 4
18379, 8
18397, 18
18401, 4
18413, 12
18427, 14
18433, 6
18439, 6
18443, 4
18451, 8
18457, 6
18461, 4
18481, 20
18493, 12
18503, 10
18517, 14
18521, 4
18523, 2
18539, 16
18541, 2
18553, 12
18583, 30
18587, 4
18593, 6
18617, 24
18637, 20
18661, 24
18671, 10
18679, 8
18691, 12
18701, 10
18713, 12
18719, 6
18731, 12
18743, 12
18749, 6
18757, 8
18773, 16
18787, 14
18793, 6
18797, 4
18803, 6
18839, 36
18859, 20
18869, 10
18899, 30
18911, 12
18913, 2
18917, 4
18919, 2
18947, 28
18959, 12
18973, 14
18979, 6
19001, 22
19009, 8
19013, 4
19031, 18
19037, 6
19051, 14
19069, 18
19073, 4
19079, 6
19081, 2
19087, 6
19121, 34
19139, 18
19141, 2
19157, 16
19163, 6
19181, 18
19183, 2
19207, 24
19211, 4
19213, 2
19219, 6
19231, 12
19237, 6
19249, 12
19259, 10
19267, 8
19273, 6
19289, 16
19301, 12
19309, 8
19319, 10
19333, 14
19373, 40
19379, 6
19381, 2
19387, 6
19391, 4
19403, 12
19417, 14
19421, 4
19423, 2
19427, 4
19429, 2
19433, 4
19441, 8
19447, 6
19457, 10
19463, 6
19469, 6
19471, 2
19477, 6
19483, 6
19489, 6
19501, 12
19507, 6
19531, 24
19541, 10
19543, 2
19553, 10
19559, 6
19571, 12
19577, 6
19583, 6
19597, 14
19603, 6
19609, 6
19661, 52
19681, 20
19687, 6
19697, 10
19699, 2
19709, 10
19717, 8
19727, 10
19739, 12
19751, 12
19753, 2
19759, 6
19763, 4
19777, 14
19793, 16
19801, 8
19813, 12
19819, 6
19841, 22
19843, 2
19853, 10
19861, 8
19867, 6
19889, 22
19891, 2
19913, 22
19919, 6
19927, 8
19937, 10
19949, 12
19961, 12
19963, 2
19973, 10
19979, 6
19991, 12
19993, 2
19997, 4
20011, 14
20021, 10
20023, 2
20029, 6
20047, 18
20051, 4
20063, 12
20071, 8
20089, 18
20101, 12
20107, 6
20113, 6
20117, 4
20123, 6
20129, 6
20143, 14
20147, 4
20149, 2
20161, 12
20173, 12
20177, 4
20183, 6
20201, 18
20219, 18
20231, 12
20233, 2
20249, 16
20261, 12
20269, 8
20287, 18
20297, 10
20323, 26
20327, 4
20333, 6
20341, 8
20347, 6
20353, 6
20357, 4
20359, 2
20369, 10
20389, 20
20393, 4
20399, 6
20407, 8
20411, 4
20431, 20
20441, 10
20443, 2
20477, 34
20479, 2
20483, 4
20507, 24
20509, 2
20521, 12
20533, 12
20543, 10
20549, 6
20551, 2
20563, 12
20593, 30
20599, 6
20611, 12
20627, 16
20639, 12
20641, 2
20663, 22
20681, 18
20693, 12
20707, 14
20717, 10
20719, 2
20731, 12
20743, 12
20747, 4
20749, 2
20753, 4
20759, 6
20771, 12
20773, 2
20789, 16
20807, 18
20809, 2
20849, 40
20857, 8
20873, 16
20879, 6
20887, 8
20897, 10
20899, 2
20903, 4
20921, 18
20929, 8
20939, 10
20947, 8
20959, 12
20963, 4
20981, 18
20983, 2
21001, 18
21011, 10
21013, 2
21017, 4
21019, 2
21023, 4
21031, 8
21059, 28
21061, 2
21067, 6
21089, 22
21101, 12
21107, 6
21121, 14
21139, 18
21143, 4
21149, 6
21157, 8
21163, 6
21169, 6
21179, 10
21187, 8
21191, 4
21193, 2
21211, 18
21221, 10
21227, 6
21247, 20
21269, 22
21277, 8
21283, 6
21313, 30
21317, 4
21319, 2
21323, 4
21341, 18
21347, 6
21377, 30
21379, 2
21383, 4
21391, 8
21397, 6
21401, 4
21407, 6
21419, 12
21433, 14
21467, 34
21481, 14
21487, 6
21491, 4
21493, 2
21499, 6
21503, 4
21517, 14
21521, 4
21523, 2
21529, 6
21557, 28
21559, 2
21563, 4
21569, 6
21577, 8
21587, 10
21589, 2
21599, 10
21601, 2
21611, 10
21613, 2
21617, 4
21647, 30
21649, 2
21661, 12
21673, 12
21683, 10
21701, 18
21713, 12
21727, 14
21737, 10
21739, 2
21751, 12
21757, 6
21767, 10
21773, 6
21787, 14
21799, 12
21803, 4
21817, 14
21821, 4
21839, 18
21841, 2
21851, 10
21859, 8
21863, 4
21871, 8
21881, 10
21893, 12
21911, 18
21929, 18
21937, 8
21943, 6
21961, 18
21977, 16
21991, 14
21997, 6
22003, 6
22013, 10
22027, 14
22031, 4
22037, 6
22039, 2
22051, 12
22063, 12
22067, 4
22073, 6
22079, 6
22091, 12
22093, 2
22109, 16
22111, 2
22123, 12
22129, 6
22133, 4
22147, 14
22153, 6
22157, 4
22159, 2
22171, 12
22189, 18
22193, 4
22229, 36
22247, 18
22259, 12
22271, 12
22273, 2
22277, 4
22279, 2
22283, 4
22291, 8
22303, 12
22307, 4
22343, 36
22349, 6
22367, 18
22369, 2
22381, 12
22391, 10
22397, 6
22409, 12
22433, 24
22441, 8
22447, 6
22453, 6
22469, 16
22481, 12
22483, 2
22501, 18
22511, 10
22531, 20
22541, 10
22543, 2
22549, 6
22567, 18
22571, 4
22573, 2
22613, 40
22619, 6
22621, 2
22637, 16
22639, 2
22643, 4
22651, 8
22669, 18
22679, 10
22691, 12
22697, 6
22699, 2
22709, 10
22717, 8
22721, 4
22727, 6
22739, 12
22741, 2
22751, 10
22769, 18
22777, 8
22783, 6
22787, 4
22807, 20
22811, 4
22817, 6
22853, 36
22859, 6
22861, 2
22871, 10
22877, 6
22901, 24
22907, 6
22921, 14
22937, 16
22943, 6
22961, 18
22963, 2
22973, 10
22993, 20
23003, 10
23011, 8
23017, 6
23021, 4
23027, 6
23029, 2
23039, 10
23041, 2
23053, 12
23057, 4
23059, 2
23063, 4
23071, 8
23081, 10
23087, 6
23099, 12
23117, 18
23131, 14
23143, 12
23159, 16
23167, 8
23173, 6
23189, 16
23197, 8
23201, 4
23203, 2
23209, 6
23227, 18
23251, 24
23269, 18
23279, 10
23291, 12
23293, 2
23297, 4
23311, 14
23321, 10
23327, 6
23333, 6
23339, 6
23357, 18
23369, 12
23371, 2
23399, 28
23417, 18
23431, 14
23447, 16
23459, 12
23473, 14
23497, 24
23509, 12
23531, 22
23537, 6
23539, 2
23549, 10
23557, 8
23561, 4
23563, 2
23567, 4
23581, 14
23593, 12
23599, 6
23603, 4
23609, 6
23623, 14
23627, 4
23629, 2
23633, 4
23663, 30
23669, 6
23671, 2
23677, 6
23687, 10
23689, 2
23719, 30
23741, 22
23743, 2
23747, 4
23753, 6
23761, 8
23767, 6
23773, 6
23789, 16
23801, 12
23813, 12
23819, 6
23827, 8
23831, 4
23833, 2
23857, 24
23869, 12
23873, 4
23879, 6
23887, 8
23893, 6
23899, 6
23909, 10
23911, 2
23917, 6
23929, 12
23957, 28
23971, 14
23977, 6
23981, 4
23993, 12
24001, 8
24007, 6
24019, 12
24023, 4
24029, 6
24043, 14
24049, 6
24061, 12
24071, 10
24077, 6
24083, 6
24091, 8
24097, 6
24103, 6
24107, 4
24109, 2
24113, 4
24121, 8
24133, 12
24137, 4
24151, 14
24169, 18
24179, 10
24181, 2
24197, 16
24203, 6
24223, 20
24229, 6
24239, 10
24247, 8
24251, 4
24281, 30
24317, 36
24329, 12
24337, 8
24359, 22
24371, 12
24373, 2
24379, 6
24391, 12
24407, 16
24413, 6
24419, 6
24421, 2
24439, 18
24443, 4
24469, 26
24473, 4
24481, 8
24499, 18
24509, 10
24517, 8
24527, 10
24533, 6
24547, 14
24551, 4
24571, 20
24593, 22
24611, 18
24623, 12
24631, 8
24659, 28
24671, 12
24677, 6
24683, 6
24691, 8
24697, 6
24709, 12
24733, 24
24749, 16
24763, 14
24767, 4
24781, 14
24793, 12
24799, 6
24809, 10
24821, 12
24841, 20
24847, 6
24851, 4
24859, 8
24877, 18
24889, 12
24907, 18
24917, 10
24919, 2
24923, 4
24943, 20
24953, 10
24967, 14
24971, 4
24977, 6
24979, 2
24989, 10
25013, 24
25031, 18
25033, 2
25037, 4
25057, 20
25073, 16
25087, 14
25097, 10
25111, 14
25117, 6
25121, 4
25127, 6
25147, 20
25153, 6
25163, 10
25169, 6
25171, 2
25183, 12
25189, 6
25219, 30
25229, 10
25237, 8
25243, 6
25247, 4
25253, 6
25261, 8
25301, 40
25303, 2
25307, 4
25309, 2
25321, 12
25339, 18
25343, 4
25349, 6
25357, 8
25367, 10
25373, 6
25391, 18
25409, 18
25411, 2
25423, 12
25439, 16
25447, 8
25453, 6
25457, 4
25463, 6
25469, 6
25471, 2
25523, 52
25537, 14
25541, 4
25561, 20
25577, 16
25579, 2
25583, 4
25589, 6
25601, 12
25603, 2
25609, 6
25621, 12
25633, 12
25639, 6
25643, 4
25657, 14
25667, 10
25673, 6
25679, 6
25693, 14
25703, 10
25717, 14
25733, 16
25741, 8
25747, 6
25759, 12
25763, 4
25771, 8
25793, 22
25799, 6
25801, 2
25819, 18
25841, 22
25847, 6
25849, 2
25867, 18
25873, 6
25889, 16
25903, 14
25913, 10
25919, 6
25931, 12
25933, 2
25939, 6
25943, 4
25951, 8
25969, 18
25981, 12
25997, 16
25999, 2
26003, 4
26017, 14
26021, 4
26029, 8
26041, 12
26053, 12
26083, 30
26099, 16
26107, 8
26111, 4
26113, 2
26119, 6
26141, 22
26153, 12
26161, 8
26171, 10
26177, 6
26183, 6
26189, 6
26203, 14
26209, 6
26227, 18
26237, 10
26249, 12
26251, 2
26261, 10
26263, 2
26267, 4
26293, 26
26297, 4
26309, 12
26317, 8
26321, 4
26339, 18
26347, 8
26357, 10
26371, 14
26387, 16
26393, 6
26399, 6
26407, 8
26417, 10
26423, 6
26431, 8
26437, 6
26449, 12
26459, 10
26479, 20
26489, 10
26497, 8
26501, 4
26513, 12
26539, 26
26557, 18
26561, 4
26573, 12
26591, 18
26597, 6
26627, 30
26633, 6
26641, 8
26647, 6
26669, 22
26681, 12
26683, 2
26687, 4
26693, 6
26699, 6
26701, 2
26711, 10
26713, 2
26717, 4
26723, 6
26729, 6
26731, 2
26737, 6
26759, 22
26777, 18
26783, 6
26801, 18
26813, 12
26821, 8
26833, 12
26839, 6
26849, 10
26861, 12
26863, 2
26879, 16
26881, 2
26891, 10
26893, 2
26903, 10
26921, 18
26927, 6
26947, 20
26951, 4
26953, 2
26959, 6
26981, 22
26987, 6
26993, 6
27011, 18
27017, 6
27031, 14
27043, 12
27059, 16
27061, 2
27067, 6
27073, 6
27077, 4
27091, 14
27103, 12
27107, 4
27109, 2
27127, 18
27143, 16
27179, 36
27191, 12
27197, 6
27211, 14
27239, 28
27241, 2
27253, 12
27259, 6
27271, 12
27277, 6
27281, 4
27283, 2
27299, 16
27329, 30
27337, 8
27361, 24
27367, 6
27397, 30
27407, 10
27409, 2
27427, 18
27431, 4
27437, 6
27449, 12
27457, 8
27479, 22
27481, 2
27487, 6
27509, 22
27527, 18
27529, 2
27539, 10
27541, 2
27551, 10
27581, 30
27583, 2
27611, 28
27617, 6
27631, 14
27647, 16
27653, 6
27673, 20
27689, 16
27691, 2
27697, 6
27701, 4
27733, 32
27737, 4
27739, 2
27743, 4
27749, 6
27751, 2
27763, 12
27767, 4
27773, 6
27779, 6
27791, 12
27793, 2
27799, 6
27803, 4
27809, 6
27817, 8
27823, 6
27827, 4
27847, 20
27851, 4
27883, 32
27893, 10
27901, 8
27917, 16
27919, 2
27941, 22
27943, 2
27947, 4
27953, 6
27961, 8
27967, 6
27983, 16
27997, 14
28001, 4
28019, 18
28027, 8
28031, 4
28051, 20
28057, 6
28069, 12
28081, 12
28087, 6
28097, 10
28099, 2
28109, 10
28111, 2
28123, 12
28151, 28
28163, 12
28181, 18
28183, 2
28201, 18
28211, 10
28219, 8
28229, 10
28277, 48
28279, 2
28283, 4
28289, 6
28297, 8
28307, 10
28309, 2
28319, 10
28349, 30
28351, 2
28387, 36
28393, 6
28403, 10
28409, 6
28411, 2
28429, 18
28433, 4
28439, 6
28447, 8
28463, 16
28477, 14
28493, 16
28499, 6
28513, 14
28517, 4
28537, 20
28541, 4
28547, 6
28549, 2
28559, 10
28571, 12
28573, 2
28579, 6
28591, 12
28597, 6
28603, 6
28607, 4
28619, 12
28621, 2
28627, 6
28631, 4
28643, 12
28649, 6
28657, 8
28661, 4
28663, 2
28669, 6
28687, 18
28697, 10
28703, 6
28711, 8
28723, 12
28729, 6
28751, 22
28753, 2
28759, 6
28771, 12
28789, 18
28793, 4
28807, 14
28813, 6
28817, 4
28837, 20
28843, 6
28859, 16
28867, 8
28871, 4
28879, 8
28901, 22
28909, 8
28921, 12
28927, 6
28933, 6
28949, 16
28961, 12
28979, 18
29009, 30
29017, 8
29021, 4
29023, 2
29027, 4
29033, 6
29059, 26
29063, 4
29077, 14
29101, 24
29123, 22
29129, 6
29131, 2
29137, 6
29147, 10
29153, 6
29167, 14
29173, 6
29179, 6
29191, 12
29201, 10
29207, 6
29209, 2
29221, 12
29231, 10
29243, 12
29251, 8
29269, 18
29287, 18
29297, 10
29303, 6
29311, 8
29327, 16
29333, 6
29339, 6
29347, 8
29363, 16
29383, 20
29387, 4
29389, 2
29399, 10
29401, 2
29411, 10
29423, 12
29429, 6
29437, 8
29443, 6
29453, 10
29473, 20
29483, 10
29501, 18
29527, 26
29531, 4
29537, 6
29567, 30
29569, 2
29573, 4
29581, 8
29587, 6
29599, 12
29611, 12
29629, 18
29633, 4
29641, 8
29663, 22
29669, 6
29671, 2
29683, 12
29717, 34
29723, 6
29741, 18
29753, 12
29759, 6
29761, 2
29789, 28
29803, 14
29819, 16
29833, 14
29837, 4
29851, 14
29863, 12
29867, 4
29873, 6
29879, 6
29881, 2
29917, 36
29921, 4
29927, 6
29947, 20
29959, 12
29983, 24
29989, 6
30011, 22
30013, 2
30029, 16
30047, 18
30059, 12
30071, 12
30089, 18
30091, 2
30097, 6
30103, 6
30109, 6
30113, 4
30119, 6
30133, 14
30137, 4
30139, 2
30161, 22
30169, 8
30181, 12
30187, 6
30197, 10
30203, 6
30211, 8
30223, 12
30241, 18
30253, 12
30259, 6
30269, 10
30271, 2
30293, 22
30307, 14
30313, 6
30319, 6
30323, 4
30341, 18
30347, 6
30367, 20
30389, 22
30391, 2
30403, 12
30427, 24
30431, 4
30449, 18
30467, 18
30469, 2
30491, 22
30493, 2
30497, 4
30509, 12
30517, 8
30529, 12
30539, 10
30553, 14
30557, 4
30559, 2
30577, 18
30593, 16
30631, 38
30637, 6
30643, 6
30649, 6
30661, 12
30671, 10
30677, 6
30689, 12
30697, 8
30703, 6
30707, 4
30713, 6
30727, 14
30757, 30
30763, 6
30773, 10
30781, 8
30803, 22
30809, 6
30817, 8
30829, 12
30839, 10
30841, 2
30851, 10
30853, 2
30859, 6
30869, 10
30871, 2
30881, 10
30893, 12
30911, 18
30931, 20
30937, 6
30941, 4
30949, 8
30971, 22
30977, 6
30983, 6
31013, 30
31019, 6
31033, 14
31039, 6
31051, 12
31063, 12
31069, 6
31079, 10
31081, 2
31091, 10
31121, 30
31123, 2
31139, 16
31147, 8
31151, 4
31153, 2
31159, 6
31177, 18
31181, 4
31183, 2
31189, 6
31193, 4
31219, 26
31223, 4
31231, 8
31237, 6
31247, 10
31249, 2
31253, 4
31259, 6
31267, 8
31271, 4
31277, 6
31307, 30
31319, 12
31321, 2
31327, 6
31333, 6
31337, 4
31357, 20
31379, 22
31387, 8
31391, 4
31393, 2
31397, 4
31469, 72
31477, 8
31481, 4
31489, 8
31511, 22
31513, 2
31517, 4
31531, 14
31541, 10
31543, 2
31547, 4
31567, 20
31573, 6
31583, 10
31601, 18
31607, 6
31627, 20
31643, 16
31649, 6
31657, 8
31663, 6
31667, 4
31687, 20
31699, 12
31721, 22
31723, 2
31727, 4
31729, 2
31741, 12
31751, 10
31769, 18
31771, 2
31793, 22
31799, 6
31817, 18
31847, 30
31849, 2
31859, 10
31873, 14
31883, 10
31891, 8
31907, 16
31957, 50
31963, 6
31973, 10
31981, 8
31991, 10
32003, 12
32009, 6
32027, 18
32029, 2
32051, 22
32057, 6
32059, 2
32063, 4
32069, 6
32077, 8
32083, 6
32089, 6
32099, 10
32117, 18
32119, 2
32141, 22
32143, 2
32159, 16
32173, 14
32183, 10
32189, 6
32191, 2
32203, 12
32213, 10
32233, 20
32237, 4
32251, 14
32257, 6
32261, 4
32297, 36
32299, 2
32303, 4
32309, 6
32321, 12
32323, 2
32327, 4
32341, 14
32353, 12
32359, 6
32363, 4
32369, 6
32371, 2
32377, 6
32381, 4
32401, 20
32411, 10
32413, 2
32423, 10
32429, 6
32441, 12
32443, 2
32467, 24
32479, 12
32491, 12
32497, 6
32503, 6
32507, 4
32531, 24
32533, 2
32537, 4
32561, 24
32563, 2
32569, 6
32573, 4
32579, 6
32587, 8
32603, 16
32609, 6
32611, 2
32621, 10
32633, 12
32647, 14
32653, 6
32687, 34
32693, 6
32707, 14
32713, 6
32717, 4
32719, 2
32749, 30
32771, 22
32779, 8
32783, 4
32789, 6
32797, 8
32801, 4
32803, 2
32831, 28
32833, 2
32839, 6
32843, 4
32869, 26
32887, 18
32909, 22
32911, 2
32917, 6
32933, 16
32939, 6
32941, 2
32957, 16
32969, 12
32971, 2
32983, 12
32987, 4
32993, 6
32999, 6
33013, 14
33023, 10
33029, 6
33037, 8
33049, 12
33053, 4
33071, 18
33073, 2
33083, 10
33091, 8
33107, 16
33113, 6
33119, 6
33149, 30
33151, 2
33161, 10
33179, 18
33181, 2
33191, 10
33199, 8
33203, 4
33211, 8
33223, 12
33247, 24
33287, 40
33289, 2
33301, 12
33311, 10
33317, 6
33329, 12
33331, 2
33343, 12
33347, 4
33349, 2
33353, 4
33359, 6
33377, 18
33391, 14
33403, 12
33409, 6
33413, 4
33427, 14
33457, 30
33461, 4
33469, 8
33479, 10
33487, 8
33493, 6
33503, 10
33521, 18
33529, 8
33533, 4
33547, 14
33563, 16
33569, 6
33577, 8
33581, 4
33587, 6
33589, 2
33599, 10
33601, 2
33613, 12
33617, 4
33619, 2
33623, 4
33629, 6
33637, 8
33641, 4
33647, 6
33679, 32
33703, 24
33713, 10
33721, 8
33739, 18
33749, 10
33751, 2
33757, 6
33767, 10
33769, 2
33773, 4
33791, 18
33797, 6
33809, 12
33811, 2
33827, 16
33829, 2
33851, 22
33857, 6
33863, 6
33871, 8
33889, 18
33893, 4
33911, 18
33923, 12
33931, 8
33937, 6
33941, 4
33961, 20
33967, 6
33997, 30
34019, 22
34031, 12
34033, 2
34039, 6
34057, 18
34061, 4
34123, 62
34127, 4
34129, 2
34141, 12
34147, 6
34157, 10
34159, 2
34171, 12
34183, 12
34211, 28
34213, 2
34217, 4
34231, 14
34253, 22
34259, 6
34261, 2
34267, 6
34273, 6
34283, 10
34297, 14
34301, 4
34303, 2
34313, 10
34319, 6
34327, 8
34337, 10
34351, 14
34361, 10
34367, 6
34369, 2
34381, 12
34403, 22
34421, 18
34429, 8
34439, 10
34457, 18
34469, 12
34471, 2
34483, 12
34487, 4
34499, 12
34501, 2
34511, 10
34513, 2
34519, 6
34537, 18
34543, 6
34549, 6
34583, 34
34589, 6
34591, 2
34603, 12
34607, 4
34613, 6
34631, 18
34649, 18
34651, 2
34667, 16
34673, 6
34679, 6
34687, 8
34693, 6
34703, 10
34721, 18
34729, 8
34739, 10
34747, 8
34757, 10
34759, 2
34763, 4
34781, 18
34807, 26
34819, 12
34841, 22
34843, 2
34847, 4
34849, 2
34871, 22
34877, 6
34883, 6
34897, 14
34913, 16
34919, 6
34939, 20
34949, 10
34961, 12
34963, 2
34981, 18
35023, 42
35027, 4
35051, 24
35053, 2
35059, 6
35069, 10
35081, 12
35083, 2
35089, 6
35099, 10
35107, 8
35111, 4
35117, 6
35129, 12
35141, 12
35149, 8
35153, 4
35159, 6
35171, 12
35201, 30
35221, 20
35227, 6
35251, 24
35257, 6
35267, 10
35279, 12
35281, 2
35291, 10
35311, 20
35317, 6
35323, 6
35327, 4
35339, 12
35353, 14
35363, 10
35381, 18
35393, 12
35401, 8
35407, 6
35419, 12
35423, 4
35437, 14
35447, 10
35449, 2
35461, 12
35491, 30
35507, 16
35509, 2
35521, 12
35527, 6
35531, 4
35533, 2
35537, 4
35543, 6
35569, 26
35573, 4
35591, 18
35593, 2
35597, 4
35603, 6
35617, 14
35671, 54
35677, 6
35729, 52
35731, 2
35747, 16
35753, 6
35759, 6
35771, 12
35797, 26
35801, 4
35803, 2
35809, 6
35831, 22
35837, 6
35839, 2
35851, 12
35863, 12
35869, 6
35879, 10
35897, 18
35899, 2
35911, 12
35923, 12
35933, 10
35951, 18
35963, 12
35969, 6
35977, 8
35983, 6
35993, 10
35999, 6
36007, 8
36011, 4
36013, 2
36017, 4
36037, 20
36061, 24
36067, 6
36073, 6
36083, 10
36097, 14
36107, 10
36109, 2
36131, 22
36137, 6
36151, 14
36161, 10
36187, 26
36191, 4
36209, 18
36217, 8
36229, 12
36241, 12
36251, 10
36263, 12
36269, 6
36277, 8
36293, 16
36299, 6
36307, 8
36313, 6
36319, 6
36341, 22
36343, 2
36353, 10
36373, 20
36383, 10
36389, 6
36433, 44
36451, 18
36457, 6
36467, 10
36469, 2
36473, 4
36479, 6
36493, 14
36497, 4
36523, 26
36527, 4
36529, 2
36541, 12
36551, 10
36559, 8
36563, 4
36571, 8
36583, 12
36587, 4
36599, 12
36607, 8
36629, 22
36637, 8
36643, 6
36653, 10
36671, 18
36677, 6
36683, 6
36691, 8
36697, 6
36709, 12
36713, 4
36721, 8
36739, 18
36749, 10
36761, 12
36767, 6
36779, 12
36781, 2
36787, 6
36791, 4
36793, 2
36809, 16
36821, 12
36833, 12
36847, 14
36857, 10
36871, 14
36877, 6
36887, 10
36899, 12
36901, 2
36913, 12
36919, 6
36923, 4
36929, 6
36931, 2
36943, 12
36947, 4
36973, 26
36979, 6
36997, 18
37003, 6
37013, 10
37019, 6
37021, 2
37039, 18
37049, 10
37057, 8
37061, 4
37087, 26
37097, 10
37117, 20
37123, 6
37139, 16
37159, 20
37171, 12
37181, 10
37189, 8
37199, 10
37201, 2
37217, 16
37223, 6
37243, 20
37253, 10
37273, 20
37277, 4
37307, 30
37309, 2
37313, 4
37321, 8
37337, 16
37339, 2
37357, 18
37361, 4
37363, 2
37369, 6
37379, 10
37397, 18
37409, 12
37423, 14
37441, 18
37447, 6
37463, 16
37483, 20
37489, 6
37493, 4
37501, 8
37507, 6
37511, 4
37517, 6
37529, 12
37537, 8
37547, 10
37549, 2
37561, 12
37567, 6
37571, 4
37573, 2
37579, 6
37589, 10
37591, 2
37607, 16
37619, 12
37633, 14
37643, 10
37649, 6
37657, 8
37663, 6
37691, 28
37693, 2
37699, 6
37717, 18
37747, 30
37781, 34
37783, 2
37799, 16
37811, 12
37813, 2
37831, 18
37847, 16
37853, 6
37861, 8
37871, 10
37879, 8
37889, 10
37897, 8
37907, 10
37951, 44
37957, 6
37963, 6
37967, 4
37987, 20
37991, 4
37993, 2
37997, 4
38011, 14
38039, 28
38047, 8
38053, 6
38069, 16
38083, 14
38113, 30
38119, 6
38149, 30
38153, 4
38167, 14
38177, 10
38183, 6
38189, 6
38197, 8
38201, 4
38219, 18
38231, 12
38237, 6
38239, 2
38261, 22
38273, 12
38281, 8
38287, 6
38299, 12
38303, 4
38317, 14
38321, 4
38327, 6
38329, 2
38333, 4
38351, 18
38371, 20
38377, 6
38393, 16
38431, 38
38447, 16
38449, 2
38453, 4
38459, 6
38461, 2
38501, 40
38543, 42
38557, 14
38561, 4
38567, 6
38569, 2
38593, 24
38603, 10
38609, 6
38611, 2
38629, 18
38639, 10
38651, 12
38653, 2
38669, 16
38671, 2
38677, 6
38693, 16
38699, 6
38707, 8
38711, 4
38713, 2
38723, 10
38729, 6
38737, 8
38747, 10
38749, 2
38767, 18
38783, 16
38791, 8
38803, 12
38821, 18
38833, 12
38839, 6
38851, 12
38861, 10
38867, 6
38873, 6
38891, 18
38903, 12
38917, 14
38921, 4
38923, 2
38933, 10
38953, 20
38959, 6
38971, 12
38977, 6
38993, 16
39019, 26
39023, 4
39041, 18
39043, 2
39047, 4
39079, 32
39089, 10
39097, 8
39103, 6
39107, 4
39113, 6
39119, 6
39133, 14
39139, 6
39157, 18
39161, 4
39163, 2
39181, 18
39191, 10
39199, 8
39209, 10
39217, 8
39227, 10
39229, 2
39233, 4
39239, 6
39241, 2
39251, 10
39293, 42
39301, 8
39313, 12
39317, 4
39323, 6
39341, 18
39343, 2
39359, 16
39367, 8
39371, 4
39373, 2
39383, 10
39397, 14
39409, 12
39419, 10
39439, 20
39443, 4
39451, 8
39461, 10
39499, 38
39503, 4
39509, 6
39511, 2
39521, 10
39541, 20
39551, 10
39563, 12
39569, 6
39581, 12
39607, 26
39619, 12
39623, 4
39631, 8
39659, 28
39667, 8
39671, 4
39679, 8
39703, 24
39709, 6
39719, 10
39727, 8
39733, 6
39749, 16
39761, 12
39769, 8
39779, 10
39791, 12
39799, 8
39821, 22
39827, 6
39829, 2
39839, 10
39841, 2
39847, 6
39857, 10
39863, 6
39869, 6
39877, 8
39883, 6
39887, 4
39901, 14
39929, 28
39937, 8
39953, 16
39971, 18
39979, 8
39983, 4
39989, 6
40009, 20
40013, 4
40031, 18
40037, 6
40039, 2
40063, 24
40087, 24
40093, 6
40099, 6
40111, 12
40123, 12
40127, 4
40129, 2
40151, 22
40153, 2
40163, 10
40169, 6
40177, 8
40189, 12
40193, 4
40213, 20
40231, 18
40237, 6
40241, 4
40253, 12
40277, 24
40283, 6
40289, 6
40343, 54
40351, 8
40357, 6
40361, 4
40387, 26
40423, 36
40427, 4
40429, 2
40433, 4
40459, 26
40471, 12
40483, 12
40487, 4
40493, 6
40499, 6
40507, 8
40519, 12
40529, 10
40531, 2
40543, 12
40559, 16
40577, 18
40583, 6
40591, 8
40597, 6
40609, 12
40627, 18
40637, 10
40639, 2
40693, 54
40697, 4
40699, 2
40709, 10
40739, 30
40751, 12
40759, 8
40763, 4
40771, 8
40787, 16
40801, 14
40813, 12
40819, 6
40823, 4
40829, 6
40841, 12
40847, 6
40849, 2
40853, 4
40867, 14
40879, 12
40883, 4
40897, 14
40903, 6
40927, 24
40933, 6
40939, 6
40949, 10
40961, 12
40973, 12
40993, 20
41011, 18
41017, 6
41023, 6
41039, 16
41047, 8
41051, 4
41057, 6
41077, 20
41081, 4
41113, 32
41117, 4
41131, 14
41141, 10
41143, 2
41149, 6
41161, 12
41177, 16
41179, 2
41183, 4
41189, 6
41201, 12
41203, 2
41213, 10
41221, 8
41227, 6
41231, 4
41233, 2
41243, 10
41257, 14
41263, 6
41269, 6
41281, 12
41299, 18
41333, 34
41341, 8
41351, 10
41357, 6
41381, 24
41387, 6
41389, 2
41399, 10
41411, 12
41413, 2
41443, 30
41453, 10
41467, 14
41479, 12
41491, 12
41507, 16
41513, 6
41519, 6
41521, 2
41539, 18
41543, 4
41549, 6
41579, 30
41593, 14
41597, 4
41603, 6
41609, 6
41611, 2
41617, 6
41621, 4
41627, 6
41641, 14
41647, 6
41651, 4
41659, 8
41669, 10
41681, 12
41687, 6
41719, 32
41729, 10
41737, 8
41759, 22
41761, 2
41771, 10
41777, 6
41801, 24
41809, 8
41813, 4
41843, 30
41849, 6
41851, 2
41863, 12
41879, 16
41887, 8
41893, 6
41897, 4
41903, 6
41911, 8
41927, 16
41941, 14
41947, 6
41953, 6
41957, 4
41959, 2
41969, 10
41981, 12
41983, 2
41999, 16
42013, 14
42017, 4
42019, 2
42023, 4
42043, 20
42061, 18
42071, 10
42073, 2
42083, 10
42089, 6
42101, 12
42131, 30
42139, 8
42157, 18
42169, 12
42179, 10
42181, 2
42187, 6
42193, 6
42197, 4
42209, 12
42221, 12
42223, 2
42227, 4
42239, 12
42257, 18
42281, 24
42283, 2
42293, 10
42299, 6
42307, 8
42323, 16
42331, 8
42337, 6
42349, 12
42359, 10
42373, 14
42379, 6
42391, 12
42397, 6
42403, 6
42407, 4
42409, 2
42433, 24
42437, 4
42443, 6
42451, 8
42457, 6
42461, 4
42463, 2
42467, 4
42473, 6
42487, 14
42491, 4
42499, 8
42509, 10
42533, 24
42557, 24
42569, 12
42571, 2
42577, 6
42589, 12
42611, 22
42641, 30
42643, 2
42649, 6
42667, 18
42677, 10
42683, 6
42689, 6
42697, 8
42701, 4
42703, 2
42709, 6
42719, 10
42727, 8
42737, 10
42743, 6
42751, 8
42767, 16
42773, 6
42787, 14
42793, 6
42797, 4
42821, 24
42829, 8
42839, 10
42841, 2
42853, 12
42859, 6
42863, 4
42899, 36
42901, 2
42923, 22
42929, 6
42937, 8
42943, 6
42953, 10
42961, 8
42967, 6
42979, 12
42989, 10
43003, 14
43013, 10
43019, 6
43037, 18
43049, 12
43051, 2
43063, 12
43067, 4
43093, 26
43103, 10
43117, 14
43133, 16
43151, 18
43159, 8
43177, 18
43189, 12
43201, 12
43207, 6
43223, 16
43237, 14
43261, 24
43271, 10
43283, 12
43291, 8
43313, 22
43319, 6
43321, 2
43331, 10
43391, 60
43397, 6
43399, 2
43403, 4
43411, 8
43427, 16
43441, 14
43451, 10
43457, 6
43481, 24
43487, 6
43499, 12
43517, 18
43541, 24
43543, 2
43573, 30
43577, 4
43579, 2
43591, 12
43597, 6
43607, 10
43609, 2
43613, 4
43627, 14
43633, 6
43649, 16
43651, 2
43661, 10
43669, 8
43691, 22
43711, 20
43717, 6
43721, 4
43753, 32
43759, 6
43777, 18
43781, 4
43783, 2
43787, 4
43789, 2
43793, 4
43801, 8
43853, 52
43867, 14
43889, 22
43891, 2
43913, 22
43933, 20
43943, 10
43951, 8
43961, 10
43963, 2
43969, 6
43973, 4
43987, 14
43991, 4
43997, 6
44017, 20
44021, 4
44027, 6
44029, 2
44041, 12
44053, 12
44059, 6
44071, 12
44087, 16
44089, 2
44101, 12
44111, 10
44119, 8
44123, 4
44129, 6
44131, 2
44159, 28
44171, 12
44179, 8
44189, 10
44201, 12
44203, 2
44207, 4
44221, 14
44249, 28
44257, 8
44263, 6
44267, 4
44269, 2
44273, 4
44279, 6
44281, 2
44293, 12
44351, 58
44357, 6
44371, 14
44381, 10
44383, 2
44389, 6
44417, 28
44449, 32
44453, 4
44483, 30
44491, 8
44497, 6
44501, 4
44507, 6
44519, 12
44531, 12
44533, 2
44537, 4
44543, 6
44549, 6
44563, 14
44579, 16
44587, 8
44617, 30
44621, 4
44623, 2
44633, 10
44641, 8
44647, 6
44651, 4
44657, 6
44683, 26
44687, 4
44699, 12
44701, 2
44711, 10
44729, 18
44741, 12
44753, 12
44771, 18
44773, 2
44777, 4
44789, 12
44797, 8
44809, 12
44819, 10
44839, 20
44843, 4
44851, 8
44867, 16
44879, 12
44887, 8
44893, 6
44909, 16
44917, 8
44927, 10
44939, 12
44953, 14
44959, 6
44963, 4
44971, 8
44983, 12
44987, 4
45007, 20
45013, 6
45053, 40
45061, 8
45077, 16
45083, 6
45119, 36
45121, 2
45127, 6
45131, 4
45137, 6
45139, 2
45161, 22
45179, 18
45181, 2
45191, 10
45197, 6
45233, 36
45247, 14
45259, 12
45263, 4
45281, 18
45289, 8
45293, 4
45307, 14
45317, 10
45319, 2
45329, 10
45337, 8
45341, 4
45343, 2
45361, 18
45377, 16
45389, 12
45403, 14
45413, 10
45427, 14
45433, 6
45439, 6
45481, 42
45491, 10
45497, 6
45503, 6
45523, 20
45533, 10
45541, 8
45553, 12
45557, 4
45569, 12
45587, 18
45589, 2
45599, 10
45613, 14
45631, 18
45641, 10
45659, 18
45667, 8
45673, 6
45677, 4
45691, 14
45697, 6
45707, 10
45737, 30
45751, 14
45757, 6
45763, 6
45767, 4
45779, 12
45817, 38
45821, 4
45823, 2
45827, 4
45833, 6
45841, 8
45853, 12
45863, 10
45869, 6
45887, 18
45893, 6
45943, 50
45949, 6
45953, 4
45959, 6
45971, 12
45979, 8
45989, 10
46021, 32
46027, 6
46049, 22
46051, 2
46061, 10
46073, 12
46091, 18
46093, 2
46099, 6
46103, 4
46133, 30
46141, 8
46147, 6
46153, 6
46171, 18
46181, 10
46183, 2
46187, 4
46199, 12
46219, 20
46229, 10
46237, 8
46261, 24
46271, 10
46273, 2
46279, 6
46301, 22
46307, 6
46309, 2
46327, 18
46337, 10
46349, 12
46351, 2
46381, 30
46399, 18
46411, 12
46439, 28
46441, 2
46447, 6
46451, 4
46457, 6
46471, 14
46477, 6
46489, 12
46499, 10
46507, 8
46511, 4
46523, 12
46549, 26
46559, 10
46567, 8
46573, 6
46589, 16
46591, 2
46601, 10
46619, 18
46633, 14
46639, 6
46643, 4
46649, 6
46663, 14
46679, 16
46681, 2
46687, 6
46691, 4
46703, 12
46723, 20
46727, 4
46747, 20
46751, 4
46757, 6
46769, 12
46771, 2
46807, 36
46811, 4
46817, 6
46819, 2
46829, 10
46831, 2
46853, 22
46861, 8
46867, 6
46877, 10
46889, 12
46901, 12
46919, 18
46933, 14
46957, 24
46993, 36
46997, 4
47017, 20
47041, 24
47051, 10
47057, 6
47059, 2
47087, 28
47093, 6
47111, 18
47119, 8
47123, 4
47129, 6
47137, 8
47143, 6
47147, 4
47149, 2
47161, 12
47189, 28
47207, 18
47221, 14
47237, 16
47251, 14
47269, 18
47279, 10
47287, 8
47293, 6
47297, 4
47303, 6
47309, 6
47317, 8
47339, 22
47351, 12
47353, 2
47363, 10
47381, 18
47387, 6
47389, 2
47407, 18
47417, 10
47419, 2
47431, 12
47441, 10
47459, 18
47491, 32
47497, 6
47501, 4
47507, 6
47513, 6
47521, 8
47527, 6
47533, 6
47543, 10
47563, 20
47569, 6
47581, 12
47591, 10
47599, 8
47609, 10
47623, 14
47629, 6
47639, 10
47653, 14
47657, 4
47659, 2
47681, 22
47699, 18
47701, 2
47711, 10
47713, 2
47717, 4
47737, 20
47741, 4
47743, 2
47777, 34
47779, 2
47791, 12
47797, 6
47807, 10
47809, 2
47819, 10
47837, 18
47843, 6
47857, 14
47869, 12
47881, 12
47903, 22
47911, 8
47917, 6
47933, 16
47939, 6
47947, 8
47951, 4
47963, 12
47969, 6
47977, 8
47981, 4
48017, 36
48023, 6
48029, 6
48049, 20
48073, 24
48079, 6
48091, 12
48109, 18
48119, 10
48121, 2
48131, 10
48157, 26
48163, 6
48179, 16
48187, 8
48193, 6
48197, 4
48221, 24
48239, 18
48247, 8
48259, 12
48271, 12
48281, 10
48299, 18
48311, 12
48313, 2
48337, 24
48341, 4
48353, 12
48371, 18
48383, 12
48397, 14
48407, 10
48409, 2
48413, 4
48437, 24
48449, 12
48463, 14
48473, 10
48479, 6
48481, 2
48487, 6
48491, 4
48497, 6
48523, 26
48527, 4
48533, 6
48539, 6
48541, 2
48563, 22
48571, 8
48589, 18
48593, 4
48611, 18
48619, 8
48623, 4
48647, 24
48649, 2
48661, 12
48673, 12
48677, 4
48679, 2
48731, 52
48733, 2
48751, 18
48757, 6
48761, 4
48767, 6
48779, 12
48781, 2
48787, 6
48799, 12
48809, 10
48817, 8
48821, 4
48823, 2
48847, 24
48857, 10
48859, 2
48869, 10
48871, 2
48883, 12
48889, 6
48907, 18
48947, 40
48953, 6
48973, 20
48989, 16
48991, 2
49003, 12
49009, 6
49019, 10
49031, 12
49033, 2
49037, 4
49043, 6
49057, 14
49069, 12
49081, 12
49103, 22
49109, 6
49117, 8
49121, 4
49123, 2
49139, 16
49157, 18
49169, 12
49171, 2
49177, 6
49193, 16
49199, 6
49201, 2
49207, 6
49211, 4
49223, 12
49253, 30
49261, 8
49277, 16
49279, 2
49297, 18
49307, 10
49331, 24
49333, 2
49339, 6
49363, 24
49367, 4
49369, 2
49391, 22
49393, 2
49409, 16
49411, 2
49417, 6
49429, 12
49433, 4
49451, 18
49459, 8
49463, 4
49477, 14
49481, 4
49499, 18
49523, 24
49529, 6
49531, 2
49537, 6
49547, 10
49549, 2
49559, 10
49597, 38
49603, 6
49613, 10
49627, 14
49633, 6
49639, 6
49663, 24
49667, 4
49669, 2
49681, 12
49697, 16
49711, 14
49727, 16
49739, 12
49741, 2
49747, 6
49757, 10
49783, 26
49787, 4
49789, 2
49801, 12
49807, 6
49811, 4
49823, 12
49831, 8
49843, 12
49853, 10
49871, 18
49877, 6
49891, 14
49919, 28
49921, 2
49927, 6
49937, 10
49939, 2
49943, 4
49957, 14
49991, 34
49993, 2
49999, 6
50021, 22
50023, 2
50033, 10
50047, 14
50051, 4
50053, 2
50069, 16
50077, 8
50087, 10
50093, 6
50101, 8
50111, 10
50119, 8
50123, 4
50129, 6
50131, 2
50147, 16
50153, 6
50159, 6
50177, 18
50207, 30
50221, 14
50227, 6
50231, 4
50261, 30
50263, 2
50273, 10
50287, 14
50291, 4
50311, 20
50321, 10
50329, 8
50333, 4
50341, 8
50359, 18
50363, 4
50377, 14
50383, 6
50387, 4
50411, 24
50417, 6
50423, 6
50441, 18
50459, 18
50461, 2
50497, 36
50503, 6
50513, 10
50527, 14
50539, 12
50543, 4
50549, 6
50551, 2
50581, 30
50587, 6
50591, 4
50593, 2
50599, 6
50627, 28
50647, 20
50651, 4
50671, 20
50683, 12
50707, 24
50723, 16
50741, 18
50753, 12
50767, 14
50773, 6
50777, 4
50789, 12
50821, 32
50833, 12
50839, 6
50849, 10
50857, 8
50867, 10
50873, 6
50891, 18
50893, 2
50909, 16
50923, 14
50929, 6
50951, 22
50957, 6
50969, 12
50971, 2
50989, 18
50993, 4
51001, 8
51031, 30
51043, 12
51047, 4
51059, 12
51061, 2
51071, 10
51109, 38
51131, 22
51133, 2
51137, 4
51151, 14
51157, 6
51169, 12
51193, 24
51197, 4
51199, 2
51203, 4
51217, 14
51229, 12
51239, 10
51241, 2
51257, 16
51263, 6
51283, 20
51287, 4
51307, 20
51329, 22
51341, 12
51343, 2
51347, 4
51349, 2
51361, 12
51383, 22
51407, 24
51413, 6
51419, 6
51421, 2
51427, 6
51431, 4
51437, 6
51439, 2
51449, 10
51461, 12
51473, 12
51479, 6
51481, 2
51487, 6
51503, 16
51511, 8
51517, 6
51521, 4
51539, 18
51551, 12
51563, 12
51577, 14
51581, 4
51593, 12
51599, 6
51607, 8
51613, 6
51631, 18
51637, 6
51647, 10
51659, 12
51673, 14
51679, 6
51683, 4
51691, 8
51713, 22
51719, 6
51721, 2
51749, 28
51767, 18
51769, 2
51787, 18
51797, 10
51803, 6
51817, 14
51827, 10
51829, 2
51839, 10
51853, 14
51859, 6
51869, 10
51871, 2
51893, 22
51899, 6
51907, 8
51913, 6
51929, 16
51941, 12
51949, 8
51971, 22
51973, 2
51977, 4
51991, 14
52009, 18
52021, 12
52027, 6
52051, 24
52057, 6
52067, 10
52069, 2
52081, 12
52103, 22
52121, 18
52127, 6
52147, 20
52153, 6
52163, 10
52177, 14
52181, 4
52183, 2
52189, 6
52201, 12
52223, 22
52237, 14
52249, 12
52253, 4
52259, 6
52267, 8
52289, 22
52291, 2
52301, 10
52313, 12
52321, 8
52361, 40
52363, 2
52369, 6
52379, 10
52387, 8
52391, 4
52433, 42
52453, 20
52457, 4
52489, 32
52501, 12
52511, 10
52517, 6
52529, 12
52541, 12
52543, 2
52553, 10
52561, 8
52567, 6
52571, 4
52579, 8
52583, 4
52609, 26
52627, 18
52631, 4
52639, 8
52667, 28
52673, 6
52691, 18
52697, 6
52709, 12
52711, 2
52721, 10
52727, 6
52733, 6
52747, 14
52757, 10
52769, 12
52783, 14
52807, 24
52813, 6
52817, 4
52837, 20
52859, 22
52861, 2
52879, 18
52883, 4
52889, 6
52901, 12
52903, 2
52919, 16
52937, 18
52951, 14
52957, 6
52963, 6
52967, 4
52973, 6
52981, 8
52999, 18
53003, 4
53017, 14
53047, 30
53051, 4
53069, 18
53077, 8
53087, 10
53089, 2
53093, 4
53101, 8
53113, 12
53117, 4
53129, 12
53147, 18
53149, 2
53161, 12
53171, 10
53173, 2
53189, 16
53197, 8
53201, 4
53231, 30
53233, 2
53239, 6
53267, 28
53269, 2
53279, 10
53281, 2
53299, 18
53309, 10
53323, 14
53327, 4
53353, 26
53359, 6
53377, 18
53381, 4
53401, 20
53407, 6
53411, 4
53419, 8
53437, 18
53441, 4
53453, 12
53479, 26
53503, 24
53507, 4
53527, 20
53549, 22
53551, 2
53569, 18
53591, 22
53593, 2
53597, 4
53609, 12
53611, 2
53617, 6
53623, 6
53629, 6
53633, 4
53639, 6
53653, 14
53657, 4
53681, 24
53693, 12
53699, 6
53717, 18
53719, 2
53731, 12
53759, 28
53773, 14
53777, 4
53783, 6
53791, 8
53813, 22
53819, 6
53831, 12
53849, 18
53857, 8
53861, 4
53881, 20
53887, 6
53891, 4
53897, 6
53899, 2
53917, 18
53923, 6
53927, 4
53939, 12
53951, 12
53959, 8
53987, 28
53993, 6
54001, 8
54011, 10
54013, 2
54037, 24
54049, 12
54059, 10
54083, 24
54091, 8
54101, 10
54121, 20
54133, 12
54139, 6
54151, 12
54163, 12
54167, 4
54181, 14
54193, 12
54217, 24
54251, 34
54269, 18
54277, 8
54287, 10
54293, 6
54311, 18
54319, 8
54323, 4
54331, 8
54347, 16
54361, 14
54367, 6
54371, 4
54377, 6
54401, 24
54403, 2
54409, 6
54413, 4
54419, 6
54421, 2
54437, 16
54443, 6
54449, 6
54469, 20
54493, 24
54497, 4
54499, 2
54503, 4
54517, 14
54521, 4
54539, 18
54541, 2
54547, 6
54559, 12
54563, 4
54577, 14
54581, 4
54583, 2
54601, 18
54617, 16
54623, 6
54629, 6
54631, 2
54647, 16
54667, 20
54673, 6
54679, 6
54709, 30
54713, 4
54721, 8
54727, 6
54751, 24
54767, 16
54773, 6
54779, 6
54787, 8
54799, 12
54829, 30
54833, 4
54851, 18
54869, 18
54877, 8
54881, 4
54907, 26
54917, 10
54919, 2
54941, 22
54949, 8
54959, 10
54973, 14
54979, 6
54983, 4
55001, 18
55009, 8
55021, 12
55049, 28
55051, 2
55057, 6
55061, 4
55073, 12
55079, 6
55103, 24
55109, 6
55117, 8
55127, 10
55147, 20
55163, 16
55171, 8
55201, 30
55207, 6
55213, 6
55217, 4
55219, 2
55229, 10
55243, 14
55249, 6
55259, 10
55291, 32
55313, 22
55331, 18
55333, 2
55337, 4
55339, 2
55343, 4
55351, 8
55373, 22
55381, 8
55399, 18
55411, 12
55439, 28
55441, 2
55457, 16
55469, 12
55487, 18
55501, 14
55511, 10
55529, 18
55541, 12
55547, 6
55579, 32
55589, 10
55603, 14
55609, 6
55619, 10
55621, 2
55631, 10
55633, 2
55639, 6
55661, 22
55663, 2
55667, 4
55673, 6
55681, 8
55691, 10
55697, 6
55711, 14
55717, 6
55721, 4
55733, 12
55763, 30
55787, 24
55793, 6
55799, 6
55807, 8
55813, 6
55817, 4
55819, 2
55823, 4
55829, 6
55837, 8
55843, 6
55849, 6
55871, 22
55889, 18
55897, 8
55901, 4
55903, 2
55921, 18
55927, 6
55931, 4
55933, 2
55949, 16
55967, 18
55987, 20
55997, 10
56003, 6
56009, 6
56039, 30
56041, 2
56053, 12
56081, 28
56087, 6
56093, 6
56099, 6
56101, 2
56113, 12
56123, 10
56131, 8
56149, 18
56167, 18
56171, 4
56179, 8
56197, 18
56207, 10
56209, 2
56237, 28
56239, 2
56249, 10
56263, 14
56267, 4
56269, 2
56299, 30
56311, 12
56333, 22
56359, 26
56369, 10
56377, 8
56383, 6
56393, 10
56401, 8
56417, 16
56431, 14
56437, 6
56443, 6
56453, 10
56467, 14
56473, 6
56477, 4
56479, 2
56489, 10
56501, 12
56503, 2
56509, 6
56519, 10
56527, 8
56531, 4
56533, 2
56543, 10
56569, 26
56591, 22
56597, 6
56599, 2
56611, 12
56629, 18
56633, 4
56659, 26
56663, 4
56671, 8
56681, 10
56687, 6
56701, 14
56711, 10
56713, 2
56731, 18
56737, 6
56747, 10
56767, 20
56773, 6
56779, 6
56783, 4
56807, 24
56809, 2
56813, 4
56821, 8
56827, 6
56843, 16
56857, 14
56873, 16
56891, 18
56893, 2
56897, 4
56909, 12
56911, 2
56921, 10
56923, 2
56929, 6
56941, 12
56951, 10
56957, 6
56963, 6
56983, 20
56989, 6
56993, 4
56999, 6
57037, 38
57041, 4
57047, 6
57059, 12
57073, 14
57077, 4
57089, 12
57097, 8
57107, 10
57119, 12
57131, 12
57139, 8
57143, 4
57149, 6
57163, 14
57173, 10
57179, 6
57191, 12
57193, 2
57203, 10
57221, 18
57223, 2
57241, 18
57251, 10
57259, 8
57269, 10
57271, 2
57283, 12
57287, 4
57301, 14
57329, 28
57331, 2
57347, 16
57349, 2
57367, 18
57373, 6
57383, 10
57389, 6
57397, 8
57413, 16
57427, 14
57457, 30
57467, 10
57487, 20
57493, 6
57503, 10
57527, 24
57529, 2
57557, 28
57559, 2
57571, 12
57587, 16
57593, 6
57601, 8
57637, 36
57641, 4
57649, 8
57653, 4
57667, 14
57679, 12
57689, 10
57697, 8
57709, 12
57713, 4
57719, 6
57727, 8
57731, 4
57737, 6
57751, 14
57773, 22
57781, 8
57787, 6
57791, 4
57793, 2
57803, 10
57809, 6
57829, 20
57839, 10
57847, 8
57853, 6
57859, 6
57881, 22
57899, 18
57901, 2
57917, 16
57923, 6
57943, 20
57947, 4
57973, 26
57977, 4
57991, 14
58013, 22
58027, 14
58031, 4
58043, 12
58049, 6
58057, 8
58061, 4
58067, 6
58073, 6
58099, 26
58109, 10
58111, 2
58129, 18
58147, 18
58151, 4
58153, 2
58169, 16
58171, 2
58189, 18
58193, 4
58199, 6
58207, 8
58211, 4
58217, 6
58229, 12
58231, 2
58237, 6
58243, 6
58271, 28
58309, 38
58313, 4
58321, 8
58337, 16
58363, 26
58367, 4
58369, 2
58379, 10
58391, 12
58393, 2
58403, 10
58411, 8
58417, 6
58427, 10
58439, 12
58441, 2
58451, 10
58453, 2
58477, 24
58481, 4
58511, 30
58537, 26
58543, 6
58549, 6
58567, 18
58573, 6
58579, 6
58601, 22
58603, 2
58613, 10
58631, 18
58657, 26
58661, 4
58679, 18
58687, 8
58693, 6
58699, 6
58711, 12
58727, 16
58733, 6
58741, 8
58757, 16
58763, 6
58771, 8
58787, 16
58789, 2
58831, 42
58889, 58
58897, 8
58901, 4
58907, 6
58909, 2
58913, 4
58921, 8
58937, 16
58943, 6
58963, 20
58967, 4
58979, 12
58991, 12
58997, 6
59009, 12
59011, 2
59021, 10
59023, 2
59029, 6
59051, 22
59053, 2
59063, 10
59069, 6
59077, 8
59083, 6
59093, 10
59107, 14
59113, 6
59119, 6
59123, 4
59141, 18
59149, 8
59159, 10
59167, 8
59183, 16
59197, 14
59207, 10
59209, 2
59219, 10
59221, 2
59233, 12
59239, 6
59243, 4
59263, 20
59273, 10
59281, 8
59333, 52
59341, 8
59351, 10
59357, 6
59359, 2
59369, 10
59377, 8
59387, 10
59393, 6
59399, 6
59407, 8
59417, 10
59419, 2
59441, 22
59443, 2
59447, 4
59453, 6
59467, 14
59471, 4
59473, 2
59497, 24
59509, 12
59513, 4
59539, 26
59557, 18
59561, 4
59567, 6
59581, 14
59611, 30
59617, 6
59621, 4
59627, 6
59629, 2
59651, 22
59659, 8
59663, 4
59669, 6
59671, 2
59693, 22
59699, 6
59707, 8
59723, 16
59729, 6
59743, 14
59747, 4
59753, 6
59771, 18
59779, 8
59791, 12
59797, 6
59809, 12
59833, 24
59863, 30
59879, 16
59887, 8
59921, 34
59929, 8
59951, 22
59957, 6
59971, 14
59981, 10
59999, 18
60013, 14
60017, 4
60029, 12
60037, 8
60041, 4
60077, 36
60083, 6
60089, 6
60091, 2
60101, 10
60103, 2
60107, 4
60127, 20
60133, 6
60139, 6
60149, 10
60161, 12
60167, 6
60169, 2
60209, 40
60217, 8
60223, 6
60251, 28
60257, 6
60259, 2
60271, 12
60289, 18
60293, 4
60317, 24
60331, 14
60337, 6
60343, 6
60353, 10
60373, 20
60383, 10
60397, 14
60413, 16
60427, 14
60443, 16
60449, 6
60457, 8
60493, 36
60497, 4
60509, 12
60521, 12
60527, 6
60539, 12
60589, 50
60601, 12
60607, 6
60611, 4
60617, 6
60623, 6
60631, 8
60637, 6
60647, 10
60649, 2
60659, 10
60661, 2
60679, 18
60689, 10
60703, 14
60719, 16
60727, 8
60733, 6
60737, 4
60757, 20
60761, 4
60763, 2
60773, 10
60779, 6
60793, 14
60811, 18
60821, 10
60859, 38
60869, 10
60887, 18
60889, 2
60899, 10
60901, 2
60913, 12
60917, 4
60919, 2
60923, 4
60937, 14
60943, 6
60953, 10
60961, 8
61001, 40
61007, 6
61027, 20
61031, 4
61043, 12
61051, 8
61057, 6
61091, 34
61099, 8
61121, 22
61129, 8
61141, 12
61151, 10
61153, 2
61169, 16
61211, 42
61223, 12
61231, 8
61253, 22
61261, 8
61283, 22
61291, 8
61297, 6
61331, 34
61333, 2
61339, 6
61343, 4
61357, 14
61363, 6
61379, 16
61381, 2
61403, 22
61409, 6
61417, 8
61441, 24
61463, 22
61469, 6
61471, 2
61483, 12
61487, 4
61493, 6
61507, 14
61511, 4
61519, 8
61543, 24
61547, 4
61553, 6
61559, 6
61561, 2
61583, 22
61603, 20
61609, 6
61613, 4
61627, 14
61631, 4
61637, 6
61643, 6
61651, 8
61657, 6
61667, 10
61673, 6
61681, 8
61687, 6
61703, 16
61717, 14
61723, 6
61729, 6
61751, 22
61757, 6
61781, 24
61813, 32
61819, 6
61837, 18
61843, 6
61861, 18
61871, 10
61879, 8
61909, 30
61927, 18
61933, 6
61949, 16
61961, 12
61967, 6
61979, 12
61981, 2
61987, 6
61991, 4
62003, 12
62011, 8
62017, 6
62039, 22
62047, 8
62053, 6
62057, 4
62071, 14
62081, 10
62099, 18
62119, 20
62129, 10
62131, 2
62137, 6
62141, 4
62143, 2
62171, 28
62189, 18
62191, 2
62201, 10
62207, 6
62213, 6
62219, 6
62233, 14
62273, 40
62297, 24
62299, 2
62303, 4
62311, 8
62323, 12
62327, 4
62347, 20
62351, 4
62383, 32
62401, 18
62417, 16
62423, 6
62459, 36
62467, 8
62473, 6
62477, 4
62483, 6
62497, 14
62501, 4
62507, 6
62533, 26
62539, 6
62549, 10
62563, 14
62581, 18
62591, 10
62597, 6
62603, 6
62617, 14
62627, 10
62633, 6
62639, 6
62653, 14
62659, 6
62683, 24
62687, 4
62701, 14
62723, 22
62731, 8
62743, 12
62753, 10
62761, 8
62773, 12
62791, 18
62801, 10
62819, 18
62827, 8
62851, 24
62861, 10
62869, 8
62873, 4
62897, 24
62903, 6
62921, 18
62927, 6
62929, 2
62939, 10
62969, 30
62971, 2
62981, 10
62983, 2
62987, 4
62989, 2
63029, 40
63031, 2
63059, 28
63067, 8
63073, 6
63079, 6
63097, 18
63103, 6
63113, 10
63127, 14
63131, 4
63149, 18
63179, 30
63197, 18
63199, 2
63211, 12
63241, 30
63247, 6
63277, 30
63281, 4
63299, 18
63311, 12
63313, 2
63317, 4
63331, 14
63337, 6
63347, 10
63353, 6
63361, 8
63367, 6
63377, 10
63389, 12
63391, 2
63397, 6
63409, 12
63419, 10
63421, 2
63439, 18
63443, 4
63463, 20
63467, 4
63473, 6
63487, 14
63493, 6
63499, 6
63521, 22
63527, 6
63533, 6
63541, 8
63559, 18
63577, 18
63587, 10
63589, 2
63599, 10
63601, 2
63607, 6
63611, 4
63617, 6
63629, 12
63647, 18
63649, 2
63659, 10
63667, 8
63671, 4
63689, 18
63691, 2
63697, 6
63703, 6
63709, 6
63719, 10
63727, 8
63737, 10
63743, 6
63761, 18
63773, 12
63781, 8
63793, 12
63799, 6
63803, 4
63809, 6
63823, 14
63839, 16
63841, 2
63853, 12
63857, 4
63863, 6
63901, 38
63907, 6
63913, 6
63929, 16
63949, 20
63977, 28
63997, 20
64007, 10
64013, 6
64019, 6
64033, 14
64037, 4
64063, 26
64067, 4
64081, 14
64091, 10
64109, 18
64123, 14
64151, 28
64153, 2
64157, 4
64171, 14
64187, 16
64189, 2
64217, 28
64223, 6
64231, 8
64237, 6
64271, 34
64279, 8
64283, 4
64301, 18
64303, 2
64319, 16
64327, 8
64333, 6
64373, 40
64381, 8
64399, 18
64403, 4
64433, 30
64439, 6
64451, 12
64453, 2
64483, 30
64489, 6
64499, 10
64513, 14
64553, 40
64567, 14
64577, 10
64579, 2
64591, 12
64601, 10
64609, 8
64613, 4
64621, 8
64627, 6
64633, 6
64661, 28
64663, 2
64667, 4
64679, 12
64693, 14
64709, 16
64717, 8
64747, 30
64763, 16
64781, 18
64783, 2
64793, 10
64811, 18
64817, 6
64849, 32
64853, 4
64871, 18
64877, 6
64879, 2
64891, 12
64901, 10
64919, 18
64921, 2
64927, 6
64937, 10
64951, 14
64969, 18
64997, 28
65003, 6
65011, 8
65027, 16
65029, 2
65033, 4
65053, 20
65063, 10
65071, 8
65089, 18
65099, 10
65101, 2
65111, 10
65119, 8
65123, 4
65129, 6
65141, 12
65147, 6
65167, 20
65171, 4
65173, 2
65179, 6
65183, 4
65203, 20
65213, 10
65239, 26
65257, 18
65267, 10
65269, 2
65287, 18
65293, 6
65309, 16
65323, 14
65327, 4
65353, 26
65357, 4
65371, 14
65381, 10
65393, 12
65407, 14
65413, 6
65419, 6
65423, 4
65437, 14
65447, 10
65449, 2
65479, 30
65497, 18
65519, 22
65521, 2
65537, 16
65539, 2
65543, 4
65551, 8
65557, 6
65563, 6
65579, 16
65581, 2
65587, 6
65599, 12
65609, 10
65617, 8
65629, 12
65633, 4
65647, 14
65651, 4
65657, 6
65677, 20
65687, 10
65699, 12
65701, 2
65707, 6
65713, 6
65717, 4
65719, 2
65729, 10
65731, 2
65761, 30
65777, 16
65789, 12
65809, 20
65827, 18
65831, 4
65837, 6
65839, 2
65843, 4
65851, 8
65867, 16
65881, 14
65899, 18
65921, 22
65927, 6
65929, 2
65951, 22
65957, 6
65963, 6
65981, 18
65983, 2
65993, 10
66029, 36
66037, 8
66041, 4
66047, 6
66067, 20
66071, 4
66083, 12
66089, 6
66103, 14
66107, 4
66109, 2
66137, 28
66161, 24
66169, 8
66173, 4
66179, 6
66191, 12
66221, 30
66239, 18
66271, 32
66293, 22
66301, 8
66337, 36
66343, 6
66347, 4
66359, 12
66361, 2
66373, 12
66377, 4
66383, 6
66403, 20
66413, 10
66431, 18
66449, 18
66457, 8
66463, 6
66467, 4
66491, 24
66499, 8
66509, 10
66523, 14
66529, 6
66533, 4
66541, 8
66553, 12
66569, 16
66571, 2
66587, 16
66593, 6
66601, 8
66617, 16
66629, 12
66643, 14
66653, 10
66683, 30
66697, 14
66701, 4
66713, 12
66721, 8
66733, 12
66739, 6
66749, 10
66751, 2
66763, 12
66791, 28
66797, 6
66809, 12
66821, 12
66841, 20
66851, 10
66853, 2
66863, 10
66877, 14
66883, 6
66889, 6
66919, 30
66923, 4
66931, 8
66943, 12
66947, 4
66949, 2
66959, 10
66973, 14
66977, 4
67003, 26
67021, 18
67033, 12
67043, 10
67049, 6
67057, 8
67061, 4
67073, 12
67079, 6
67103, 24
67121, 18
67129, 8
67139, 10
67141, 2
67153, 12
67157, 4
67169, 12
67181, 12
67187, 6
67189, 2
67211, 22
67213, 2
67217, 4
67219, 2
67231, 12
67247, 16
67261, 14
67271, 10
67273, 2
67289, 16
67307, 18
67339, 32
67343, 4
67349, 6
67369, 20
67391, 22
67399, 8
67409, 10
67411, 2
67421, 10
67427, 6
67429, 2
67433, 4
67447, 14
67453, 6
67477, 24
67481, 4
67489, 8
67493, 4
67499, 6
67511, 12
67523, 12
67531, 8
67537, 6
67547, 10
67559, 12
67567, 8
67577, 10
67579, 2
67589, 10
67601, 12
67607, 6
67619, 12
67631, 12
67651, 20
67679, 28
67699, 20
67709, 10
67723, 14
67733, 10
67741, 8
67751, 10
67757, 6
67759, 2
67763, 4
67777, 14
67783, 6
67789, 6
67801, 12
67807, 6
67819, 12
67829, 10
67843, 14
67853, 10
67867, 14
67883, 16
67891, 8
67901, 10
67927, 26
67931, 4
67933, 2
67939, 6
67943, 4
67957, 14
67961, 4
67967, 6
67979, 12
67987, 8
67993, 6
68023, 30
68041, 18
68053, 12
68059, 6
68071, 12
68087, 16
68099, 12
68111, 12
68113, 2
68141, 28
68147, 6
68161, 14
68171, 10
68207, 36
68209, 2
68213, 4
68219, 6
68227, 8
68239, 12
68261, 22
68279, 18
68281, 2
68311, 30
68329, 18
68351, 22
68371, 20
68389, 18
68399, 10
68437, 38
68443, 6
68447, 4
68449, 2
68473, 24
68477, 4
68483, 6
68489, 6
68491, 2
68501, 10
68507, 6
68521, 14
68531, 10
68539, 8
68543, 4
68567, 24
68581, 14
68597, 16
68611, 14
68633, 22
68639, 6
68659, 20
68669, 10
68683, 14
68687, 4
68699, 12
68711, 12
68713, 2
68729, 16
68737, 8
68743, 6
68749, 6
68767, 18
68771, 4
68777, 6
68791, 14
68813, 22
68819, 6
68821, 2
68863, 42
68879, 16
68881, 2
68891, 10
68897, 6
68899, 2
68903, 4
68909, 6
68917, 8
68927, 10
68947, 20
68963, 16
68993, 30
69001, 8
69011, 10
69019, 8
69029, 10
69031, 2
69061, 30
69067, 6
69073, 6
69109, 36
69119, 10
69127, 8
69143, 16
69149, 6
69151, 2
69163, 12
69191, 28
69193, 2
69197, 4
69203, 6
69221, 18
69233, 12
69239, 6
69247, 8
69257, 10
69259, 2
69263, 4
69313, 50
69317, 4
69337, 20
69341, 4
69371, 30
69379, 8
69383, 4
69389, 6
69401, 12
69403, 2
69427, 24
69431, 4
69439, 8
69457, 18
69463, 6
69467, 4
69473, 6
69481, 8
69491, 10
69493, 2
69497, 4
69499, 2
69539, 40
69557, 18
69593, 36
69623, 30
69653, 30
69661, 8
69677, 16
69691, 14
69697, 6
69709, 12
69737, 28
69739, 2
69761, 22
69763, 2
69767, 4
69779, 12
69809, 30
69821, 12
69827, 6
69829, 2
69833, 4
69847, 14
69857, 10
69859, 2
69877, 18
69899, 22
69911, 12
69929, 18
69931, 2
69941, 10
69959, 18
69991, 32
69997, 6
70001, 4
70003, 2
70009, 6
70019, 10
70039, 20
70051, 12
70061, 10
70067, 6
70079, 12
70099, 20
70111, 12
70117, 6
70121, 4
70123, 2
70139, 16
70141, 2
70157, 16
70163, 6
70177, 14
70181, 4
70183, 2
70199, 16
70201, 2
70207, 6
70223, 16
70229, 6
70237, 8
70241, 4
70249, 8
70271, 22
70289, 18
70297, 8
70309, 12
70313, 4
70321, 8
70327, 6
70351, 24
70373, 22
70379, 6
70381, 2
70393, 12
70423, 30
70429, 6
70439, 10
70451, 12
70457, 6
70459, 2
70481, 22
70487, 6
70489, 2
70501, 12
70507, 6
70529, 22
70537, 8
70549, 12
70571, 22
70573, 2
70583, 10
70589, 6
70607, 18
70619, 12
70621, 2
70627, 6
70639, 12
70657, 18
70663, 6
70667, 4
70687, 20
70709, 22
70717, 8
70729, 12
70753, 24
70769, 16
70783, 14
70793, 10
70823, 30
70841, 18
70843, 2
70849, 6
70853, 4
70867, 14
70877, 10
70879, 2
70891, 12
70901, 10
70913, 12
70919, 6
70921, 2
70937, 16
70949, 12
70951, 2
70957, 6
70969, 12
70979, 10
70981, 2
70991, 10
70997, 6
70999, 2
71011, 12
71023, 12
71039, 16
71059, 20
71069, 10
71081, 12
71089, 8
71119, 30
71129, 10
71143, 14
71147, 4
71153, 6
71161, 8
71167, 6
71171, 4
71191, 20
71209, 18
71233, 24
71237, 4
71249, 12
71257, 8
71261, 4
71263, 2
71287, 24
71293, 6
71317, 24
71327, 10
71329, 2
71333, 4
71339, 6
71341, 2
71347, 6
71353, 6
71359, 6
71363, 4
71387, 24
71389, 2
71399, 10
71411, 12
71413, 2
71419, 6
71429, 10
71437, 8
71443, 6
71453, 10
71471, 18
71473, 2
71479, 6
71483, 4
71503, 20
71527, 24
71537, 10
71549, 12
71551, 2
71563, 12
71569, 6
71593, 24
71597, 4
71633, 36
71647, 14
71663, 16
71671, 8
71693, 22
71699, 6
71707, 8
71711, 4
71713, 2
71719, 6
71741, 22
71761, 20
71777, 16
71789, 12
71807, 18
71809, 2
71821, 12
71837, 16
71843, 6
71849, 6
71861, 12
71867, 6
71879, 12
71881, 2
71887, 6
71899, 12
71909, 10
71917, 8
71933, 16
71941, 8
71947, 6
71963, 16
71971, 8
71983, 12
71987, 4
71993, 6
71999, 6
72019, 20
72031, 12
72043, 12
72047, 4
72053, 6
72073, 20
72077, 4
72089, 12
72091, 2
72101, 10
72103, 2
72109, 6
72139, 30
72161, 22
72167, 6
72169, 2
72173, 4
72211, 38
72221, 10
72223, 2
72227, 4
72229, 2
72251, 22
72253, 2
72269, 16
72271, 2
72277, 6
72287, 10
72307, 20
72313, 6
72337, 24
72341, 4
72353, 12
72367, 14
72379, 12
72383, 4
72421, 38
72431, 10
72461, 30
72467, 6
72469, 2
72481, 12
72493, 12
72497, 4
72503, 6
72533, 30
72547, 14
72551, 4
72559, 8
72577, 18
72613, 36
72617, 4
72623, 6
72643, 20
72647, 4
72649, 2
72661, 12
72671, 10
72673, 2
72679, 6
72689, 10
72701, 12
72707, 6
72719, 12
72727, 8
72733, 6
72739, 6
72763, 24
72767, 4
72797, 30
72817, 20
72823, 6
72859, 36
72869, 10
72871, 2
72883, 12
72889, 6
72893, 4
72901, 8
72907, 6
72911, 4
72923, 12
72931, 8
72937, 6
72949, 12
72953, 4
72959, 6
72973, 14
72977, 4
72997, 20
73009, 12
73013, 4
73019, 6
73037, 18
73039, 2
73043, 4
73061, 18
73063, 2
73079, 16
73091, 12
73121, 30
73127, 6
73133, 6
73141, 8
73181, 40
73189, 8
73237, 48
73243, 6
73259, 16
73277, 18
73291, 14
73303, 12
73309, 6
73327, 18
73331, 4
73351, 20
73361, 10
73363, 2
73369, 6
73379, 10
73387, 8
73417, 30
73421, 4
73433, 12
73453, 20
73459, 6
73471, 12
73477, 6
73483, 6
73517, 34
73523, 6
73529, 6
73547, 18
73553, 6
73561, 8
73571, 10
73583, 12
73589, 6
73597, 8
73607, 10
73609, 2
73613, 4
73637, 24
73643, 6
73651, 8
73673, 22
73679, 6
73681, 2
73693, 12
73699, 6
73709, 10
73721, 12
73727, 6
73751, 24
73757, 6
73771, 14
73783, 12
73819, 36
73823, 4
73847, 24
73849, 2
73859, 10
73867, 8
73877, 10
73883, 6
73897, 14
73907, 10
73939, 32
73943, 4
73951, 8
73961, 10
73973, 12
73999, 26
74017, 18
74021, 4
74027, 6
74047, 20
74051, 4
74071, 20
74077, 6
74093, 16
74099, 6
74101, 2
74131, 30
74143, 12
74149, 6
74159, 10
74161, 2
74167, 6
74177, 10
74189, 12
74197, 8
74201, 4
74203, 2
74209, 6
74219, 10
74231, 12
74257, 26
74279, 22
74287, 8
74293, 6
74297, 4
74311, 14
74317, 6
74323, 6
74353, 30
74357, 4
74363, 6
74377, 14
74381, 4
74383, 2
74411, 28
74413, 2
74419, 6
74441, 22
74449, 8
74453, 4
74471, 18
74489, 18
74507, 18
74509, 2
74521, 12
74527, 6
74531, 4
74551, 20
74561, 10
74567, 6
74573, 6
74587, 14
74597, 10
74609, 12
74611, 2
74623, 12
74653, 30
74687, 34
74699, 12
74707, 8
74713, 6
74717, 4
74719, 2
74729, 10
74731, 2
74747, 16
74759, 12
74761, 2
74771, 10
74779, 8
74797, 18
74821, 24
74827, 6
74831, 4
74843, 12
74857, 14
74861, 4
74869, 8
74873, 4
74887, 14
74891, 4
74897, 6
74903, 6
74923, 20
74929, 6
74933, 4
74941, 8
74959, 18
75011, 52
75013, 2
75017, 4
75029, 12
75037, 8
75041, 4
75079, 38
75083, 4
75109, 26
75133, 24
75149, 16
75161, 12
75167, 6
75169, 2
75181, 12
75193, 12
75209, 16
75211, 2
75217, 6
75223, 6
75227, 4
75239, 12
75253, 14
75269, 16
75277, 8
75289, 12
75307, 18
75323, 16
75329, 6
75337, 8
75347, 10
75353, 6
75367, 14
75377, 10
75389, 12
75391, 2
75401, 10
75403, 2
75407, 4
75431, 24
75437, 6
75479, 42
75503, 24
75511, 8
75521, 10
75527, 6
75533, 6
75539, 6
75541, 2
75553, 12
75557, 4
75571, 14
75577, 6
75583, 6
75611, 28
75617, 6
75619, 2
75629, 10
75641, 12
75653, 12
75659, 6
75679, 20
75683, 4
75689, 6
75703, 14
75707, 4
75709, 2
75721, 12
75731, 10
75743, 12
75767, 24
75773, 6
75781, 8
75787, 6
75793, 6
75797, 4
75821, 24
75833, 12
75853, 20
75869, 16
75883, 14
75913, 30
75931, 18
75937, 6
75941, 4
75967, 26
75979, 12
75983, 4
75989, 6
75991, 2
75997, 6
76001, 4
76003, 2
76031, 28
76039, 8
76079, 40
76081, 2
76091, 10
76099, 8
76103, 4
76123, 20
76129, 6
76147, 18
76157, 10
76159, 2
76163, 4
76207, 44
76213, 6
76231, 18
76243, 12
76249, 6
76253, 4
76259, 6
76261, 2
76283, 22
76289, 6
76303, 14
76333, 30
76343, 10
76367, 24
76369, 2
76379, 10
76387, 8
76403, 16
76421, 18
76423, 2
76441, 18
76463, 22
76471, 8
76481, 10
76487, 6
76493, 6
76507, 14
76511, 4
76519, 8
76537, 18
76541, 4
76543, 2
76561, 18
76579, 18
76597, 18
76603, 6
76607, 4
76631, 24
76649, 18
76651, 2
76667, 16
76673, 6
76679, 6
76697, 18
76717, 20
76733, 16
76753, 20
76757, 4
76771, 14
76777, 6
76781, 4
76801, 20
76819, 18
76829, 10
76831, 2
76837, 6
76847, 10
76871, 24
76873, 2
76883, 10
76907, 24
76913, 6
76919, 6
76943, 24
76949, 6
76961, 12
76963, 2
76991, 28
77003, 12
77017, 14
77023, 6
77029, 6
77041, 12
77047, 6
77069, 22
77081, 12
77093, 12
77101, 8
77137, 36
77141, 4
77153, 12
77167, 14
77171, 4
77191, 20
77201, 10
77213, 12
77237, 24
77239, 2
77243, 4
77249, 6
77261, 12
77263, 2
77267, 4
77269, 2
77279, 10
77291, 12
77317, 26
77323, 6
77339, 16
77347, 8
77351, 4
77359, 8
77369, 10
77377, 8
77383, 6
77417, 34
77419, 2
77431, 12
77447, 16
77471, 24
77477, 6
77479, 2
77489, 10
77491, 2
77509, 18
77513, 4
77521, 8
77527, 6
77543, 16
77549, 6
77551, 2
77557, 6
77563, 6
77569, 6
77573, 4
77587, 14
77591, 4
77611, 20
77617, 6
77621, 4
77641, 20
77647, 6
77659, 12
77681, 22
77687, 6
77689, 2
77699, 10
77711, 12
77713, 2
77719, 6
77723, 4
77731, 8
77743, 12
77747, 4
77761, 14
77773, 12
77783, 10
77797, 14
77801, 4
77813, 12
77839, 26
77849, 10
77863, 14
77867, 4
77893, 26
77899, 6
77929, 30
77933, 4
77951, 18
77969, 18
77977, 8
77983, 6
77999, 16
78007, 8
78017, 10
78031, 14
78041, 10
78049, 8
78059, 10
78079, 20
78101, 22
78121, 20
78137, 16
78139, 2
78157, 18
78163, 6
78167, 4
78173, 6
78179, 6
78191, 12
78193, 2
78203, 10
78229, 26
78233, 4
78241, 8
78259, 18
78277, 18
78283, 6
78301, 18
78307, 6
78311, 4
78317, 6
78341, 24
78347, 6
78367, 20
78401, 34
78427, 26
78437, 10
78439, 2
78467, 28
78479, 12
78487, 8
78497, 10
78509, 12
78511, 2
78517, 6
78539, 22
78541, 2
78553, 12
78569, 16
78571, 2
78577, 6
78583, 6
78593, 10
78607, 14
78623, 16
78643, 20
78649, 6
78653, 4
78691, 38
78697, 6
78707, 10
78713, 6
78721, 8
78737, 16
78779, 42
78781, 2
78787, 6
78791, 4
78797, 6
78803, 6
78809, 6
78823, 14
78839, 16
78853, 14
78857, 4
78877, 20
78887, 10
78889, 2
78893, 4
78901, 8
78919, 18
78929, 10
78941, 12
78977, 36
78979, 2
78989, 10
79031, 42
79039, 8
79043, 4
79063, 20
79087, 24
79103, 16
79111, 8
79133, 22
79139, 6
79147, 8
79151, 4
79153, 2
79159, 6
79181, 22
79187, 6
79193, 6
79201, 8
79229, 28
79231, 2
79241, 10
79259, 18
79273, 14
79279, 6
79283, 4
79301, 18
79309, 8
79319, 10
79333, 14
79337, 4
79349, 12
79357, 8
79367, 10
79379, 12
79393, 14
79397, 4
79399, 2
79411, 12
79423, 12
79427, 4
79433, 6
79451, 18
79481, 30
79493, 12
79531, 38
79537, 6
79549, 12
79559, 10
79561, 2
79579, 18
79589, 10
79601, 12
79609, 8
79613, 4
79621, 8
79627, 6
79631, 4
79633, 2
79657, 24
79669, 12
79687, 18
79691, 4
79693, 2
79697, 4
79699, 2
79757, 58
79769, 12
79777, 8
79801, 24
79811, 10
79813, 2
79817, 4
79823, 6
79829, 6
79841, 12
79843, 2
79847, 4
79861, 14
79867, 6
79873, 6
79889, 16
79901, 12
79903, 2
79907, 4
79939, 32
79943, 4
79967, 24
79973, 6
79979, 6
79987, 8
79997, 10
79999, 2
80021, 22
80039, 18
80051, 12
80071, 20
80077, 6
80107, 30
80111, 4
80141, 30
80147, 6
80149, 2
80153, 4
80167, 14
80173, 6
80177, 4
80191, 14
80207, 16
80209, 2
80221, 12
80231, 10
80233, 2
80239, 6
80251, 12
80263, 12
80273, 10
80279, 6
80287, 8
80309, 22
80317, 8
80329, 12
80341, 12
80347, 6
80363, 16
80369, 6
80387, 18
80407, 20
80429, 22
80447, 18
80449, 2
80471, 22
80473, 2
80489, 16
80491, 2
80513, 22
80527, 14
80537, 10
80557, 20
80567, 10
80599, 32
80603, 4
80611, 8
80621, 10
80627, 6
80629, 2
80651, 22
80657, 6
80669, 12
80671, 2
80677, 6
80681, 4
80683, 2
80687, 4
80701, 14
80713, 12
80737, 24
80747, 10
80749, 2
80761, 12
80777, 16
80779, 2
80783, 4
80789, 6
80803, 14
80809, 6
80819, 10
80831, 12
80833, 2
80849, 16
80863, 14
80897, 34
80909, 12
80911, 2
80917, 6
80923, 6
80929, 6
80933, 4
80953, 20
80963, 10
80989, 26
81001, 12
81013, 12
81017, 4
81019, 2
81023, 4
81031, 8
81041, 10
81043, 2
81047, 4
81049, 2
81071, 22
81077, 6
81083, 6
81097, 14
81101, 4
81119, 18
81131, 12
81157, 26
81163, 6
81173, 10
81181, 8
81197, 16
81199, 2
81203, 4
81223, 20
81233, 10
81239, 6
81281, 42
81283, 2
81293, 10
81299, 6
81307, 8
81331, 24
81343, 12
81349, 6
81353, 4
81359, 6
81371, 12
81373, 2
81401, 28
81409, 8
81421, 12
81439, 18
81457, 18
81463, 6
81509, 46
81517, 8
81527, 10
81533, 6
81547, 14
81551, 4
81553, 2
81559, 6
81563, 4
81569, 6
81611, 42
81619, 8
81629, 10
81637, 8
81647, 10
81649, 2
81667, 18
81671, 4
81677, 6
81689, 12
81701, 12
81703, 2
81707, 4
81727, 20
81737, 10
81749, 12
81761, 12
81769, 8
81773, 4
81799, 26
81817, 18
81839, 22
81847, 8
81853, 6
81869, 16
81883, 14
81899, 16
81901, 2
81919, 18
81929, 10
81931, 2
81937, 6
81943, 6
81953, 10
81967, 14
81971, 4
81973, 2
82003, 30
82007, 4
82009, 2
82013, 4
82021, 8
82031, 10
82037, 6
82039, 2
82051, 12
82067, 16
82073, 6
82129, 56
82139, 10
82141, 2
82153, 12
82163, 10
82171, 8
82183, 12
82189, 6
82193, 4
82207, 14
82217, 10
82219, 2
82223, 4
82231, 8
82237, 6
82241, 4
82261, 20
82267, 6
82279, 12
82301, 22
82307, 6
82339, 32
82349, 10
82351, 2
82361, 10
82373, 12
82387, 14
82393, 6
82421, 28
82457, 36
82463, 6
82469, 6
82471, 2
82483, 12
82487, 4
82493, 6
82499, 6
82507, 8
82529, 22
82531, 2
82549, 18
82559, 10
82561, 2
82567, 6
82571, 4
82591, 20
82601, 10
82609, 8
82613, 4
82619, 6
82633, 14
82651, 18
82657, 6
82699, 42
82721, 22
82723, 2
82727, 4
82729, 2
82757, 28
82759, 2
82763, 4
82781, 18
82787, 6
82793, 6
82799, 6
82811, 12
82813, 2
82837, 24
82847, 10
82883, 36
82889, 6
82891, 2
82903, 12
82913, 10
82939, 26
82963, 24
82981, 18
82997, 16
83003, 6
83009, 6
83023, 14
83047, 24
83059, 12
83063, 4
83071, 8
83077, 6
83089, 12
83093, 4
83101, 8
83117, 16
83137, 20
83177, 40
83203, 26
83207, 4
83219, 12
83221, 2
83227, 6
83231, 4
83233, 2
83243, 10
83257, 14
83267, 10
83269, 2
83273, 4
83299, 26
83311, 12
83339, 28
83341, 2
83357, 16
83383, 26
83389, 6
83399, 10
83401, 2
83407, 6
83417, 10
83423, 6
83431, 8
83437, 6
83443, 6
83449, 6
83459, 10
83471, 12
83477, 6
83497, 20
83537, 40
83557, 20
83561, 4
83563, 2
83579, 16
83591, 12
83597, 6
83609, 12
83617, 8
83621, 4
83639, 18
83641, 2
83653, 12
83663, 10
83689, 26
83701, 12
83717, 16
83719, 2
83737, 18
83761, 24
83773, 12
83777, 4
83791, 14
83813, 22
83833, 20
83843, 10
83857, 14
83869, 12
83873, 4
83891, 18
83903, 12
83911, 8
83921, 10
83933, 12
83939, 6
83969, 30
83983, 14
83987, 4
84011, 24
84017, 6
84047, 30
84053, 6
84059, 6
84061, 2
84067, 6
84089, 22
84121, 32
84127, 6
84131, 4
84137, 6
84143, 6
84163, 20
84179, 16
84181, 2
84191, 10
84199, 8
84211, 12
84221, 10
84223, 2
84229, 6
84239, 10
84247, 8
84263, 16
84299, 36
84307, 8
84313, 6
84317, 4
84319, 2
84347, 28
84349, 2
84377, 28
84389, 12
84391, 2
84401, 10
84407, 6
84421, 14
84431, 10
84437, 6
84443, 6
84449, 6
84457, 8
84463, 6
84467, 4
84481, 14
84499, 18
84503, 4
84509, 6
84521, 12
84523, 2
84533, 10
84551, 18
84559, 8
84589, 30
84629, 40
84631, 2
84649, 18
84653, 4
84659, 6
84673, 14
84691, 18
84697, 6
84701, 4
84713, 12
84719, 6
84731, 12
84737, 6
84751, 14
84761, 10
84787, 26
84793, 6
84809, 16
84811, 2
84827, 16
84857, 30
84859, 2
84869, 10
84871, 2
84913, 42
84919, 6
84947, 28
84961, 14
84967, 6
84977, 10
84979, 2
84991, 12
85009, 18
85021, 12
85027, 6
85037, 10
85049, 12
85061, 12
85081, 20
85087, 6
85091, 4
85093, 2
85103, 10
85109, 6
85121, 12
85133, 12
85147, 14
85159, 12
85193, 34
85199, 6
85201, 2
85213, 12
85223, 10
85229, 6
85237, 8
85243, 6
85247, 4
85259, 12
85297, 38
85303, 6
85313, 10
85331, 18
85333, 2
85361, 28
85363, 2
85369, 6
85381, 12
85411, 30
85427, 16
85429, 2
85439, 10
85447, 8
85451, 4
85453, 2
85469, 16
85487, 18
85513, 26
85517, 4
85523, 6
85531, 8
85549, 18
85571, 22
85577, 6
85597, 20
85601, 4
85607, 6
85619, 12
85621, 2
85627, 6
85639, 12
85643, 4
85661, 18
85667, 6
85669, 2
85691, 22
85703, 12
85711, 8
85717, 6
85733, 16
85751, 18
85781, 30
85793, 12
85817, 24
85819, 2
85829, 10
85831, 2
85837, 6
85843, 6
85847, 4
85853, 6
85889, 36
85903, 14
85909, 6
85931, 22
85933, 2
85991, 58
85999, 8
86011, 12
86017, 6
86027, 10
86029, 2
86069, 40
86077, 8
86083, 6
86111, 28
86113, 2
86117, 4
86131, 14
86137, 6
86143, 6
86161, 18
86171, 10
86179, 8
86183, 4
86197, 14
86201, 4
86209, 8
86239, 30
86243, 4
86249, 6
86257, 8
86263, 6
86269, 6
86287, 18
86291, 4
86293, 2
86297, 4
86311, 14
86323, 12
86341, 18
86351, 10
86353, 2
86357, 4
86369, 12
86371, 2
86381, 10
86389, 8
86399, 10
86413, 14
86423, 10
86441, 18
86453, 12
86461, 8
86467, 6
86477, 10
86491, 14
86501, 10
86509, 8
86531, 22
86533, 2
86539, 6
86561, 22
86573, 12
86579, 6
86587, 8
86599, 12
86627, 28
86629, 2
86677, 48
86689, 12
86693, 4
86711, 18
86719, 8
86729, 10
86743, 14
86753, 10
86767, 14
86771, 4
86783, 12
86813, 30
86837, 24
86843, 6
86851, 8
86857, 6
86861, 4
86869, 8
86923, 54
86927, 4
86929, 2
86939, 10
86951, 12
86959, 8
86969, 10
86981, 12
86993, 12
87011, 18
87013, 2
87037, 24
87041, 4
87049, 8
87071, 22
87083, 12
87103, 20
87107, 4
87119, 12
87121, 2
87133, 12
87149, 16
87151, 2
87179, 28
87181, 2
87187, 6
87211, 24
87221, 10
87223, 2
87251, 28
87253, 2
87257, 4
87277, 20
87281, 4
87293, 12
87299, 6
87313, 14
87317, 4
87323, 6
87337, 14
87359, 22
87383, 24
87403, 20
87407, 4
87421, 14
87427, 6
87433, 6
87443, 10
87473, 30
87481, 8
87491, 10
87509, 18
87511, 2
87517, 6
87523, 6
87539, 16
87541, 2
87547, 6
87553, 6
87557, 4
87559, 2
87583, 24
87587, 4
87589, 2
87613, 24
87623, 10
87629, 6
87631, 2
87641, 10
87643, 2
87649, 6
87671, 22
87679, 8
87683, 4
87691, 8
87697, 6
87701, 4
87719, 18
87721, 2
87739, 18
87743, 4
87751, 8
87767, 16
87793, 26
87797, 4
87803, 6
87811, 8
87833, 22
87853, 20
87869, 16
87877, 8
87881, 4
87887, 6
87911, 24
87917, 6
87931, 14
87943, 12
87959, 16
87961, 2
87973, 12
87977, 4
87991, 14
88001, 10
88003, 2
88007, 4
88019, 12
88037, 18
88069, 32
88079, 10
88093, 14
88117, 24
88129, 12
88169, 40
88177, 8
88211, 34
88223, 12
88237, 14
88241, 4
88259, 18
88261, 2
88289, 28
88301, 12
88321, 20
88327, 6
88337, 10
88339, 2
88379, 40
88397, 18
88411, 14
88423, 12
88427, 4
88463, 36
88469, 6
88471, 2
88493, 22
88499, 6
88513, 14
88523, 10
88547, 24
88589, 42
88591, 2
88607, 16
88609, 2
88643, 34
88651, 8
88657, 6
88661, 4
88663, 2
88667, 4
88681, 14
88721, 40
88729, 8
88741, 12
88747, 6
88771, 24
88789, 18
88793, 4
88799, 6
88801, 2
88807, 6
88811, 4
88813, 2
88817, 4
88819, 2
88843, 24
88853, 10
88861, 8
88867, 6
88873, 6
88883, 10
88897, 14
88903, 6
88919, 16
88937, 18
88951, 14
88969, 18
88993, 24
88997, 4
89003, 6
89009, 6
89017, 8
89021, 4
89041, 20
89051, 10
89057, 6
89069, 12
89071, 2
89083, 12
89087, 4
89101, 14
89107, 6
89113, 6
89119, 6
89123, 4
89137, 14
89153, 16
89189, 36
89203, 14
89209, 6
89213, 4
89227, 14
89231, 4
89237, 6
89261, 24
89269, 8
89273, 4
89293, 20
89303, 10
89317, 14
89329, 12
89363, 34
89371, 8
89381, 10
89387, 6
89393, 6
89399, 6
89413, 14
89417, 4
89431, 14
89443, 12
89449, 6
89459, 10
89477, 18
89491, 14
89501, 10
89513, 12
89519, 6
89521, 2
89527, 6
89533, 6
89561, 28
89563, 2
89567, 4
89591, 24
89597, 6
89599, 2
89603, 4
89611, 8
89627, 16
89633, 6
89653, 20
89657, 4
89659, 2
89669, 10
89671, 2
89681, 10
89689, 8
89753, 64
89759, 6
89767, 8
89779, 12
89783, 4
89797, 14
89809, 12
89819, 10
89821, 2
89833, 12
89839, 6
89849, 10
89867, 18
89891, 24
89897, 6
89899, 2
89909, 10
89917, 8
89923, 6
89939, 16
89959, 20
89963, 4
89977, 14
89983, 6
89989, 6
90001, 12
90007, 6
90011, 4
90017, 6
90019, 2
90023, 4
90031, 8
90053, 22
90059, 6
90067, 8
90071, 4
90073, 2
90089, 16
90107, 18
90121, 14
90127, 6
90149, 22
90163, 14
90173, 10
90187, 14
90191, 4
90197, 6
90199, 2
90203, 4
90217, 14
90227, 10
90239, 12
90247, 8
90263, 16
90271, 8
90281, 10
90289, 8
90313, 24
90353, 40
90359, 6
90371, 12
90373, 2
90379, 6
90397, 18
90401, 4
90403, 2
90407, 4
90437, 30
90439, 2
90469, 30
90473, 4
90481, 8
90499, 18
90511, 12
90523, 12
90527, 4
90529, 2
90533, 4
90547, 14
90583, 36
90599, 16
90617, 18
90619, 2
90631, 12
90641, 10
90647, 6
90659, 12
90677, 18
90679, 2
90697, 18
90703, 6
90709, 6
90731, 22
90749, 18
90787, 38
90793, 6
90803, 10
90821, 18
90823, 2
90833, 10
90841, 8
90847, 6
90863, 16
90887, 24
90901, 14
90907, 6
90911, 4
90917, 6
90931, 14
90947, 16
90971, 24
90977, 6
90989, 12
90997, 8
91009, 12
91019, 10
91033, 14
91079, 46
91081, 2
91097, 16
91099, 2
91121, 22
91127, 6
91129, 2
91139, 10
91141, 2
91151, 10
91153, 2
91159, 6
91163, 4
91183, 20
91193, 10
91199, 6
91229, 30
91237, 8
91243, 6
91249, 6
91253, 4
91283, 30
91291, 8
91297, 6
91303, 6
91309, 6
91331, 22
91367, 36
91369, 2
91373, 4
91381, 8
91387, 6
91393, 6
91397, 4
91411, 14
91423, 12
91433, 10
91453, 20
91457, 4
91459, 2
91463, 4
91493, 30
91499, 6
91513, 14
91529, 16
91541, 12
91571, 30
91573, 2
91577, 4
91583, 6
91591, 8
91621, 30
91631, 10
91639, 8
91673, 34
91691, 18
91703, 12
91711, 8
91733, 22
91753, 20
91757, 4
91771, 14
91781, 10
91801, 20
91807, 6
91811, 4
91813, 2
91823, 10
91837, 14
91841, 4
91867, 26
91873, 6
91909, 36
91921, 12
91939, 18
91943, 4
91951, 8
91957, 6
91961, 4
91967, 6
91969, 2
91997, 28
92003, 6
92009, 6
92033, 24
92041, 8
92051, 10
92077, 26
92083, 6
92107, 24
92111, 4
92119, 8
92143, 24
92153, 10
92173, 20
92177, 4
92179, 2
92189, 10
92203, 14
92219, 16
92221, 2
92227, 6
92233, 6
92237, 4
92243, 6
92251, 8
92269, 18
92297, 28
92311, 14
92317, 6
92333, 16
92347, 14
92353, 6
92357, 4
92363, 6
92369, 6
92377, 8
92381, 4
92383, 2
92387, 4
92399, 12
92401, 2
92413, 12
92419, 6
92431, 12
92459, 28
92461, 2
92467, 6
92479, 12
92489, 10
92503, 14
92507, 4
92551, 44
92557, 6
92567, 10
92569, 2
92581, 12
92593, 12
92623, 30
92627, 4
92639, 12
92641, 2
92647, 6
92657, 10
92669, 12
92671, 2
92681, 10
92683, 2
92693, 10
92699, 6
92707, 8
92717, 10
92723, 6
92737, 14
92753, 16
92761, 8
92767, 6
92779, 12
92789, 10
92791, 2
92801, 10
92809, 8
92821, 12
92831, 10
92849, 18
92857, 8
92861, 4
92863, 2
92867, 4
92893, 26
92899, 6
92921, 22
92927, 6
92941, 14
92951, 10
92957, 6
92959, 2
92987, 28
92993, 6
93001, 8
93047, 46
93053, 6
93059, 6
93077, 18
93083, 6
93089, 6
93097, 8
93103, 6
93113, 10
93131, 18
93133, 2
93139, 6
93151, 12
93169, 18
93179, 10
93187, 8
93199, 12
93229, 30
93239, 10
93241, 2
93251, 10
93253, 2
93257, 4
93263, 6
93281, 18
93283, 2
93287, 4
93307, 20
93319, 12
93323, 4
93329, 6
93337, 8
93371, 34
93377, 6
93383, 6
93407, 24
93419, 12
93427, 8
93463, 36
93479, 16
93481, 2
93487, 6
93491, 4
93493, 2
93497, 4
93503, 6
93523, 20
93529, 6
93553, 24
93557, 4
93559, 2
93563, 4
93581, 18
93601, 20
93607, 6
93629, 22
93637, 8
93683, 46
93701, 18
93703, 2
93719, 16
93739, 20
93761, 22
93763, 2
93787, 24
93809, 22
93811, 2
93827, 16
93851, 24
93871, 20
93887, 16
93889, 2
93893, 4
93901, 8
93911, 10
93913, 2
93923, 10
93937, 14
93941, 4
93949, 8
93967, 18
93971, 4
93979, 8
93983, 4
93997, 14
94007, 10
94009, 2
94033, 24
94049, 16
94057, 8
94063, 6
94079, 16
94099, 20
94109, 10
94111, 2
94117, 6
94121, 4
94151, 30
94153, 2
94169, 16
94201, 32
94207, 6
94219, 12
94229, 10
94253, 24
94261, 8
94273, 12
94291, 18
94307, 16
94309, 2
94321, 12
94327, 6
94331, 4
94343, 12
94349, 6
94351, 2
94379, 28
94397, 18
94399, 2
94421, 22
94427, 6
94433, 6
94439, 6
94441, 2
94447, 6
94463, 16
94477, 14
94483, 6
94513, 30
94529, 16
94531, 2
94541, 10
94543, 2
94547, 4
94559, 12
94561, 2
94573, 12
94583, 10
94597, 14
94603, 6
94613, 10
94621, 8
94649, 28
94651, 2
94687, 36
94693, 6
94709, 16
94723, 14
94727, 4
94747, 20
94771, 24
94777, 6
94781, 4
94789, 8
94793, 4
94811, 18
94819, 8
94823, 4
94837, 14
94841, 4
94847, 6
94849, 2
94873, 24
94889, 16
94903, 14
94907, 4
94933, 26
94949, 16
94951, 2
94961, 10
94993, 32
94999, 6
95003, 4
95009, 6
95021, 12
95027, 6
95063, 36
95071, 8
95083, 12
95087, 4
95089, 2
95093, 4
95101, 8
95107, 6
95111, 4
95131, 20
95143, 12
95153, 10
95177, 24
95189, 12
95191, 2
95203, 12
95213, 10
95219, 6
95231, 12
95233, 2
95239, 6
95257, 18
95261, 4
95267, 6
95273, 6
95279, 6
95287, 8
95311, 24
95317, 6
95327, 10
95339, 12
95369, 30
95383, 14
95393, 10
95401, 8
95413, 12
95419, 6
95429, 10
95441, 12
95443, 2
95461, 18
95467, 6
95471, 4
95479, 8
95483, 4
95507, 24
95527, 20
95531, 4
95539, 8
95549, 10
95561, 12
95569, 8
95581, 12
95597, 16
95603, 6
95617, 14
95621, 4
95629, 8
95633, 4
95651, 18
95701, 50
95707, 6
95713, 6
95717, 4
95723, 6
95731, 8
95737, 6
95747, 10
95773, 26
95783, 10
95789, 6
95791, 2
95801, 10
95803, 2
95813, 10
95819, 6
95857, 38
95869, 12
95873, 4
95881, 8
95891, 10
95911, 20
95917, 6
95923, 6
95929, 6
95947, 18
95957, 10
95959, 2
95971, 12
95987, 16
95989, 2
96001, 12
96013, 12
96017, 4
96043, 26
96053, 10
96059, 6
96079, 20
96097, 18
96137, 40
96149, 12
96157, 8
96167, 10
96179, 12
96181, 2
96199, 18
96211, 12
96221, 10
96223, 2
96233, 10
96259, 26
96263, 4
96269, 6
96281, 12
96289, 8
96293, 4
96323, 30
96329, 6
96331, 2
96337, 6
96353, 16
96377, 24
96401, 24
96419, 18
96431, 12
96443, 12
96451, 8
96457, 6
96461, 4
96469, 8
96479, 10
96487, 8
96493, 6
96497, 4
96517, 20
96527, 10
96553, 26
96557, 4
96581, 24
96587, 6
96589, 2
96601, 12
96643, 42
96661, 18
96667, 6
96671, 4
96697, 26
96703, 6
96731, 28
96737, 6
96739, 2
96749, 10
96757, 8
96763, 6
96769, 6
96779, 10
96787, 8
96797, 10
96799, 2
96821, 22
96823, 2
96827, 4
96847, 20
96851, 4
96857, 6
96893, 36
96907, 14
96911, 4
96931, 20
96953, 22
96959, 6
96973, 14
96979, 6
96989, 10
96997, 8
97001, 4
97003, 2
97007, 4
97021, 14
97039, 18
97073, 34
97081, 8
97103, 22
97117, 14
97127, 10
97151, 24
97157, 6
97159, 2
97169, 10
97171, 2
97177, 6
97187, 10
97213, 26
97231, 18
97241, 10
97259, 18
97283, 24
97301, 18
97303, 2
97327, 24
97367, 40
97369, 2
97373, 4
97379, 6
97381, 2
97387, 6
97397, 10
97423, 26
97429, 6
97441, 12
97453, 12
97459, 6
97463, 4
97499, 36
97501, 2
97511, 10
97523, 12
97547, 24
97549, 2
97553, 4
97561, 8
97571, 10
97577, 6
97579, 2
97583, 4
97607, 24
97609, 2
97613, 4
97649, 36
97651, 2
97673, 22
97687, 14
97711, 24
97729, 18
97771, 42
97777, 6
97787, 10
97789, 2
97813, 24
97829, 16
97841, 12
97843, 2
97847, 4
97849, 2
97859, 10
97861, 2
97871, 10
97879, 8
97883, 4
97919, 36
97927, 8
97931, 4
97943, 12
97961, 18
97967, 6
97973, 6
97987, 14
98009, 22
98011, 2
98017, 6
98041, 24
98047, 6
98057, 10
98081, 24
98101, 20
98123, 22
98129, 6
98143, 14
98179, 36
98207, 28
98213, 6
98221, 8
98227, 6
98251, 24
98257, 6
98269, 12
98297, 28
98299, 2
98317, 18
98321, 4
98323, 2
98327, 4
98347, 20
98369, 22
98377, 8
98387, 10
98389, 2
98407, 18
98411, 4
98419, 8
98429, 10
98443, 14
98453, 10
98459, 6
98467, 8
98473, 6
98479, 6
98491, 12
98507, 16
98519, 12
98533, 14
98543, 10
98561, 18
98563, 2
98573, 10
98597, 24
98621, 24
98627, 6
98639, 12
98641, 2
98663, 22
98669, 6
98689, 20
98711, 22
98713, 2
98717, 4
98729, 12
98731, 2
98737, 6
98773, 36
98779, 6
98801, 22
98807, 6
98809, 2
98837, 28
98849, 12
98867, 18
98869, 2
98873, 4
98887, 14
98893, 6
98897, 4
98899, 2
98909, 10
98911, 2
98927, 16
98929, 2
98939, 10
98947, 8
98953, 6
98963, 10
98981, 18
98993, 12
98999, 6
99013, 14
99017, 4
99023, 6
99041, 18
99053, 12
99079, 26
99083, 4
99089, 6
99103, 14
99109, 6
99119, 10
99131, 12
99133, 2
99137, 4
99139, 2
99149, 10
99173, 24
99181, 8
99191, 10
99223, 32
99233, 10
99241, 8
99251, 10
99257, 6
99259, 2
99277, 18
99289, 12
99317, 28
99347, 30
99349, 2
99367, 18
99371, 4
99377, 6
99391, 14
99397, 6
99401, 4
99409, 8
99431, 22
99439, 8
99469, 30
99487, 18
99497, 10
99523, 26
99527, 4
99529, 2
99551, 22
99559, 8
99563, 4
99571, 8
99577, 6
99581, 4
99607, 26
99611, 4
99623, 12
99643, 20
99661, 18
99667, 6
99679, 12
99689, 10
99707, 18
99709, 2
99713, 4
99719, 6
99721, 2
99733, 12
99761, 28
99767, 6
99787, 20
99793, 6
99809, 16
99817, 8
99823, 6
99829, 6
99833, 4
99839, 6
99859, 20
99871, 12
99877, 6
99881, 4
99901, 20
99907, 6
99923, 16
99929, 6
99961, 32
99971, 10
99989, 18
99991, 2
100003, 12
100019, 16
100043, 24
100049, 6
100057, 8
100069, 12
100103, 34
100109, 6
100129, 20
100151, 22
100153, 2
100169, 16
100183, 14
100189, 6
100193, 4
100207, 14
100213, 6
100237, 24
100267, 30
100271, 4
100279, 8
100291, 12
100297, 6
100313, 16
100333, 20
100343, 10
100357, 14
100361, 4
100363, 2
100379, 16
100391, 12
100393, 2
100403, 10
100411, 8
100417, 6
100447, 30
100459, 12
100469, 10
100483, 14
100493, 10
100501, 8
100511, 10
100517, 6
100519, 2
100523, 4
100537, 14
100547, 10
100549, 2
100559, 10
100591, 32
100609, 18
100613, 4
100621, 8
100649, 28
100669, 20
100673, 4
100693, 20
100699, 6
100703, 4
100733, 30
100741, 8
100747, 6
100769, 22
100787, 18
100799, 12
100801, 2
100811, 10
100823, 12
100829, 6
100847, 18
100853, 6
100907, 54
100913, 6
100927, 14
100931, 4
100937, 6
100943, 6
100957, 14
100981, 24
100987, 6
100999, 12
101009, 10
101021, 12
101027, 6
101051, 24
101063, 12
101081, 18
101089, 8
101107, 18
101111, 4
101113, 2
101117, 4
101119, 2
101141, 22
101149, 8
101159, 10
101161, 2
101173, 12
101183, 10
101197, 14
101203, 6
101207, 4
101209, 2
101221, 12
101267, 46
101273, 6
101279, 6
101281, 2
101287, 6
101293, 6
101323, 30
101333, 10
101341, 8
101347, 6
101359, 12
101363, 4
101377, 14
101383, 6
101399, 16
101411, 12
101419, 8
101429, 10
101449, 20
101467, 18
101477, 10
101483, 6
101489, 6
101501, 12
101503, 2
101513, 10
101527, 14
101531, 4
101533, 2
101537, 4
101561, 24
101573, 12
101581, 8
101599, 18
101603, 4
101611, 8
101627, 16
101641, 14
101653, 12
101663, 10
101681, 18
101693, 12
101701, 8
101719, 18
101723, 4
101737, 14
101741, 4
101747, 6
101749, 2
101771, 22
101789, 18
101797, 8
101807, 10
101833, 26
101837, 4
101839, 2
101863, 24
101869, 6
101873, 4
101879, 6
101891, 12
101917, 26
101921, 4
101929, 8
101939, 10
101957, 18
101963, 6
101977, 14
101987, 10
101999, 12
102001, 2
102013, 12
102019, 6
102023, 4
102031, 8
102043, 12
102059, 16
102061, 2
102071, 10
102077, 6
102079, 2
102101, 22
102103, 2
102107, 4
102121, 14
102139, 18
102149, 10
102161, 12
102181, 20
102191, 10
102197, 6
102199, 2
102203, 4
102217, 14
102229, 12
102233, 4
102241, 8
102251, 10
102253, 2
102259, 6
102293, 34
102299, 6
102301, 2
102317, 16
102329, 12
102337, 8
102359, 22
102367, 8
102397, 30
102407, 10
102409, 2
102433, 24
102437, 4
102451, 14
102461, 10
102481, 20
102497, 16
102499, 2
102503, 4
102523, 20
102533, 10
102539, 6
102547, 8
102551, 4
102559, 8
102563, 4
102587, 24
102593, 6
102607, 14
102611, 4
102643, 32
102647, 4
102653, 6
102667, 14
102673, 6
102677, 4
102679, 2
102701, 22
102761, 60
102763, 2
102769, 6
102793, 24
102797, 4
102811, 14
102829, 18
102841, 12
102859, 18
102871, 12
102877, 6
102881, 4
102911, 30
102913, 2
102929, 16
102931, 2
102953, 22
102967, 14
102983, 16
103001, 18
103007, 6
103043, 36
103049, 6
103067, 18
103069, 2
103079, 10
103087, 8
103091, 4
103093, 2
103099, 6
103123, 24
103141, 18
103171, 30
103177, 6
103183, 6
103217, 34
103231, 14
103237, 6
103289, 52
103291, 2
103307, 16
103319, 12
103333, 14
103349, 16
103357, 8
103387, 30
103391, 4
103393, 2
103399, 6
103409, 10
103421, 12
103423, 2
103451, 28
103457, 6
103471, 14
103483, 12
103511, 28
103529, 18
103549, 20
103553, 4
103561, 8
103567, 6
103573, 6
103577, 4
103583, 6
103591, 8
103613, 22
103619, 6
103643, 24
103651, 8
103657, 6
103669, 12
103681, 12
103687, 6
103699, 12
103703, 4
103723, 20
103769, 46
103787, 18
103801, 14
103811, 10
103813, 2
103837, 24
103841, 4
103843, 2
103867, 24
103889, 22
103903, 14
103913, 10
103919, 6
103951, 32
103963, 12
103967, 4
103969, 2
103979, 10
103981, 2
103991, 10
103993, 2
103997, 4
104003, 6
104009, 6
104021, 12
104033, 12
104047, 14
104053, 6
104059, 6
104087, 28
104089, 2
104107, 18
104113, 6
104119, 6
104123, 4
104147, 24
104149, 2
104161, 12
104173, 12
104179, 6
104183, 4
104207, 24
104231, 24
104233, 2
104239, 6
104243, 4
104281, 38
104287, 6
104297, 10
104309, 12
104311, 2
104323, 12
104327, 4
104347, 20
104369, 22
104381, 12
104383, 2
104393, 10
104399, 6
104417, 18
104459, 42
104471, 12
104473, 2
104479, 6
104491, 12
104513, 22
104527, 14
104537, 10
104543, 6
104549, 6
104551, 2
104561, 10
104579, 18
104593, 14
104597, 4
104623, 26
104639, 16
104651, 12
104659, 8
104677, 18
104681, 4
104683, 2
104693, 10
104701, 8
104707, 6
104711, 4
104717, 6
104723, 6
104729, 6
